generation,N_shifts,logPrior,logLik,eventRate,acceptRate
0,0,0.864402,-5386.98,0.879746,1
20000,4,-3.21782,-3394.14,5.73377,0.410667
40000,6,1.64233,-3367.3,2.12227,0.433
60000,8,-0.323138,-3355.24,3.50272,0.4479
80000,11,-2.81026,-3338.82,6.50408,0.445
100000,11,2.8045,-3320.59,3.55357,0.432222
120000,12,-8.05972,-3317.3,6.24862,0.450333
140000,15,-7.71596,-3286.87,11.2484,0.427
160000,13,1.39868,-3304.73,4.95636,0.416
180000,16,-9.73035,-3289.74,9.80777,0.464
200000,12,-2.67635,-3298.05,7.3548,0.407
220000,14,-9.51346,-3294.94,10.4156,0.415
240000,13,0.0162442,-3291.34,5.59054,0.445
260000,23,-9.04299,-3278.45,11.119,0.475
280000,13,-5.72261,-3303.68,8.77599,0.455
300000,17,-10.2777,-3269.97,6.88935,0.413
320000,15,-6.90428,-3295.26,6.76807,0.4355
340000,19,1.15388,-3253.05,10.4815,0.4182
360000,19,-5.88868,-3258.92,8.45768,0.471
380000,21,-9.50422,-3267.8,12.687,0.439
400000,30,-1.81522,-3260.59,12.8013,0.484
420000,15,-5.23485,-3279.47,10.2068,0.407
440000,19,1.08112,-3268.22,4.57913,0.416571
460000,15,-8.11425,-3282.09,10.2914,0.432
480000,25,-11.5973,-3246.9,13.1424,0.479
500000,18,-9.21935,-3272.19,10.6648,0.476
520000,16,-4.30437,-3287.04,8.21628,0.4622
540000,18,-4.10547,-3279.39,9.70415,0.445
560000,16,-5.86952,-3284.7,8.29523,0.45
580000,12,-6.89771,-3294.99,5.66084,0.386
600000,18,-11.155,-3286.94,9.65976,0.441714
620000,21,-5.28138,-3266.84,10.4219,0.466
640000,19,-5.52931,-3282.8,9.93624,0.43375
660000,13,-1.65522,-3292.69,5.64417,0.426
680000,21,-5.47978,-3239.3,13.0238,0.451
700000,16,-0.730026,-3267.69,8.09022,0.436
720000,18,-11.1221,-3274.74,11.3466,0.445
740000,14,-2.53123,-3282.25,6.60762,0.381
760000,17,-1.81933,-3274.61,11.4682,0.4255
780000,17,0.83248,-3288,7.66115,0.4
800000,16,-7.88746,-3274.56,9.16159,0.452
820000,16,-6.25102,-3289.19,10.1938,0.4315
840000,15,-0.530173,-3275.01,5.99084,0.412
860000,12,-3.87904,-3305.75,6.65717,0.4196
880000,16,5.28056,-3274.87,6.60299,0.444
900000,18,-10.2037,-3269.28,6.76786,0.40825
920000,18,-4.32466,-3269.02,11.3753,0.413
940000,17,-7.06471,-3268.74,10.9406,0.425
960000,25,-16.7373,-3254.23,15.9184,0.440333
980000,25,-10.5235,-3257.41,10.7977,0.437
1000000,12,-0.835441,-3291.31,5.83809,0.399
1020000,25,-7.70804,-3252.1,9.86452,0.445
1040000,20,-7.46897,-3234.91,9.88202,0.409
1060000,20,-9.08585,-3246.37,9.37078,0.4398
1080000,19,-3.63064,-3243.84,12.138,0.407
1100000,18,-5.22008,-3278.14,8.68384,0.454
1120000,14,-7.80494,-3286.9,10.7321,0.430125
1140000,18,-8.43665,-3258.51,6.57591,0.427
1160000,21,-4.44201,-3261.13,8.71591,0.417
1180000,21,-1.66656,-3269.7,11.6109,0.435
1200000,17,-1.51602,-3274.42,3.32878,0.426
1220000,18,-11.3322,-3289.04,11.2269,0.419
1240000,18,-8.11482,-3267.91,9.11454,0.4025
1260000,22,-13.419,-3258.59,13.4693,0.414
1280000,18,-3.05872,-3279.3,7.96056,0.43725
1300000,21,-2.63569,-3251.43,8.44242,0.427
1320000,19,-5.25319,-3282.82,11.5484,0.426
1340000,20,-2.57515,-3268.73,8.7625,0.458
1360000,17,-2.32703,-3280.03,9.57117,0.419
1380000,14,-8.47336,-3272.38,9.49732,0.398
1400000,22,-2.63381,-3266.87,14.2067,0.449
1420000,19,-2.18404,-3270.36,11.6435,0.448
1440000,16,-12.45,-3273.11,11.1107,0.4155
1460000,17,0.699455,-3266.34,8.43788,0.439
1480000,19,-9.84928,-3267.82,8.42668,0.443667
1500000,19,-8.99867,-3259.61,9.86678,0.44
1520000,19,-5.30044,-3289.31,10.5298,0.46
1540000,19,-4.09497,-3285.14,12.4345,0.441
1560000,18,-8.98022,-3275.03,9.24751,0.4257
1580000,13,-7.60699,-3293.51,8.59776,0.431455
1600000,14,3.32842,-3271.88,6.53376,0.433
1620000,21,-2.83247,-3253.2,11.336,0.446
1640000,20,-2.71153,-3270.72,12.8903,0.4435
1660000,18,-7.86984,-3269.74,11.5136,0.400667
1680000,13,-6.48109,-3290.86,4.88394,0.406333
1700000,16,-2.16951,-3274.55,11.883,0.429
1720000,19,-10.0655,-3275.94,10.0023,0.443
1740000,17,-8.49211,-3296.74,7.96777,0.415
1760000,18,-12.067,-3260.85,10.9037,0.443
1780000,18,-6.16652,-3255.78,13.3933,0.426563
1800000,18,-0.682188,-3262.1,6.42394,0.397
1820000,18,-2.33533,-3264.41,8.47813,0.422
1840000,15,-11.3936,-3274.48,11.9765,0.399333
1860000,14,5.5911,-3273.51,5.9919,0.411
1880000,16,-2.76333,-3284,6.57015,0.429
1900000,19,3.84465,-3268.46,9.98296,0.413
1920000,19,2.19077,-3277.36,7.45632,0.451
1940000,21,-12.6393,-3285.55,10.8705,0.445
1960000,15,-4.19264,-3273.78,6.92518,0.426818
1980000,11,-4.81752,-3311.74,8.50293,0.433
2000000,20,-8.85273,-3251.65,11.2479,0.427333
2020000,16,-4.38689,-3267.18,12.0019,0.433
2040000,19,-0.920865,-3256.84,9.05683,0.417
2060000,18,-4.79157,-3248.93,9.5305,0.438
2080000,20,-3.8413,-3273.48,10.6293,0.449
2100000,15,-4.86328,-3284.12,10.7654,0.431643
2120000,21,-9.29954,-3260.56,9.38359,0.41925
2140000,17,-2.26127,-3259.67,7.98042,0.4115
2160000,20,-5.89249,-3251.27,13.6875,0.446
2180000,23,-12.674,-3264.82,11.3283,0.4414
2200000,17,-7.36861,-3284.34,7.62031,0.449667
2220000,21,-16.413,-3252.12,11.0656,0.45
2240000,21,-12.5693,-3263.22,12.126,0.436
2260000,18,-7.25292,-3251.63,9.79016,0.412
2280000,18,-8.30785,-3260.46,9.39993,0.432
2300000,23,-3.21786,-3248.12,9.43415,0.432
2320000,18,-0.216406,-3254.19,5.70694,0.433
2340000,16,-4.88138,-3284.13,10.2601,0.436
2360000,15,-2.82583,-3264.41,9.60883,0.398
2380000,19,-5.10557,-3263.07,11.0948,0.425111
2400000,16,-2.17718,-3275.95,7.13875,0.438
2420000,20,-22.3252,-3283.48,10.3992,0.431
2440000,16,-1.35417,-3289.4,6.96734,0.4152
2460000,20,-3.8761,-3273.43,8.09187,0.422286
2480000,21,-4.13053,-3270.19,11.746,0.42
2500000,19,-5.95809,-3270,11.1424,0.441
2520000,20,-15.5337,-3261.39,13.1683,0.4384
2540000,13,-1.33358,-3286.8,3.976,0.44019
2560000,15,-4.73638,-3277.3,6.68912,0.428
2580000,17,-0.792141,-3285.38,8.31042,0.474
2600000,15,-2.03318,-3272.79,10.419,0.401
2620000,16,1.78116,-3283.15,8.89681,0.428
2640000,19,-10.712,-3275.53,9.01037,0.46
2660000,16,-5.90763,-3294.2,13.1408,0.4005
2680000,18,1.41066,-3267.83,8.17157,0.428
2700000,19,-11.1237,-3251.82,12.4644,0.429556
2720000,16,-9.08046,-3277.48,6.94288,0.4225
2740000,19,-4.99632,-3269.77,11.1005,0.4298
2760000,18,-11.5137,-3261.47,7.95959,0.457
2780000,14,-8.24949,-3290.63,9.48453,0.422167
2800000,16,0.094668,-3268.7,7.87948,0.422
2820000,24,-4.25188,-3267.72,11.4632,0.4385
2840000,22,2.12012,-3272.52,9.4106,0.462
2860000,16,-5.2919,-3272.39,7.39942,0.409
2880000,17,-5.65065,-3282.59,8.60999,0.386
2900000,17,-3.76052,-3280.94,4.90392,0.439
2920000,16,-6.04259,-3262.33,7.98844,0.440143
2940000,18,-18.7202,-3277.05,12.3048,0.44025
2960000,17,-6.01552,-3286.54,10.8081,0.463
2980000,16,-7.95964,-3281.86,6.52348,0.44225
3000000,18,-12.3763,-3270.94,10.2755,0.447
3020000,18,-16.9439,-3252.31,12.8833,0.441
3040000,15,-4.96092,-3277.31,5.52236,0.4343
3060000,14,-3.18002,-3296.35,4.63622,0.43425
3080000,17,-0.571719,-3271.24,7.37845,0.473
3100000,20,-14.7122,-3265.62,13.6905,0.419
3120000,19,-16.4986,-3281.98,13.6042,0.452429
3140000,17,-6.67003,-3271.68,5.95422,0.426
3160000,16,-2.28097,-3261.97,5.75303,0.431
3180000,17,-4.80429,-3268.96,7.83231,0.428
3200000,15,5.6428,-3301.82,5.68074,0.428
3220000,16,-2.23344,-3269.05,8.30862,0.395
3240000,18,-15.4837,-3256.05,13.1037,0.403
3260000,17,-10.1871,-3246.44,14.4104,0.4065
3280000,18,-7.41676,-3284.17,11.3024,0.434
3300000,26,-17.2904,-3269.89,15.3765,0.474
3320000,15,-5.10709,-3286.28,7.39083,0.42
3340000,16,-3.75867,-3280.12,6.95743,0.449
3360000,22,-4.33811,-3269.19,10.4142,0.4303
3380000,18,3.84933,-3263.4,6.88986,0.454
3400000,19,-11.6792,-3260.81,10.3782,0.442
3420000,17,-7.05557,-3279.99,15.5047,0.407
3440000,16,-1.18877,-3270.15,7.26807,0.438
3460000,16,-0.563036,-3279.46,10.236,0.398
3480000,12,-4.80958,-3286.62,8.78529,0.4258
3500000,19,-5.24172,-3267.27,8.95691,0.435
3520000,17,-4.65867,-3273.71,8.40534,0.444
3540000,15,-10.4318,-3281.59,9.69286,0.4365
3560000,13,-7.53253,-3283.06,6.41576,0.406
3580000,9,-0.700218,-3313.46,3.18197,0.405714
3600000,20,-11.2664,-3274.27,8.94475,0.43981
3620000,15,-5.09945,-3292.77,11.5033,0.433
3640000,12,1.27021,-3290.5,5.1799,0.411
3660000,15,0.347712,-3276.25,6.93361,0.4245
3680000,19,-1.7315,-3280.93,7.78379,0.42
3700000,16,3.81591,-3281.22,5.75185,0.4444
3720000,16,-7.68646,-3273.06,8.47143,0.395
3740000,18,-5.34246,-3269.55,10.2553,0.409
3760000,21,-4.50904,-3277.31,6.39789,0.4195
3780000,19,-8.73721,-3259.28,10.6224,0.389
3800000,17,0.514255,-3269.32,7.2442,0.433667
3820000,17,2.64032,-3272.63,6.73352,0.452
3840000,18,-1.18414,-3277.17,11.6241,0.439
3860000,13,0.863803,-3275.12,7.68777,0.430133
3880000,16,-6.32674,-3283.43,9.24943,0.452
3900000,14,-3.91911,-3270.38,8.23491,0.405
3920000,17,-1.11502,-3284,7.57479,0.435917
3940000,16,-4.77599,-3261.67,9.31569,0.4195
3960000,15,0.648226,-3298.53,4.9269,0.434
3980000,20,-3.66682,-3265.31,12.276,0.446
4000000,14,-8.75815,-3274.13,9.97626,0.413
4020000,18,-4.56579,-3254.77,8.05008,0.443
4040000,18,-17.4686,-3271.58,13.4634,0.408
4060000,15,-6.81984,-3272.92,8.77216,0.4108
4080000,20,-2.95482,-3274.78,9.46983,0.45
4100000,14,4.84791,-3283.05,4.84509,0.415294
4120000,14,2.1463,-3276.5,9.70552,0.419
4140000,18,-3.50204,-3277.15,10.1291,0.401
4160000,16,-11.3454,-3292.95,13.6446,0.42
4180000,13,3.44627,-3287.98,5.91456,0.371
4200000,14,2.28472,-3292.34,7.03525,0.435636
4220000,19,-5.52803,-3275.78,14.5255,0.445
4240000,20,-1.52468,-3264.16,7.92243,0.44
4260000,16,-2.64127,-3281.39,8.96667,0.467
4280000,18,-8.52401,-3289.29,10.6972,0.436333
4300000,16,-6.56392,-3274.18,9.64429,0.4342
4320000,13,-7.21169,-3296.86,6.94544,0.4485
4340000,15,-4.98836,-3302.6,8.58806,0.428545
4360000,18,-16.2044,-3243.92,14.9105,0.447
4380000,17,-10.3341,-3271.94,11.9591,0.397
4400000,20,-11.1947,-3259,15.8586,0.43
4420000,14,-13.1361,-3275.95,13.2503,0.403
4440000,13,-7.77732,-3288.2,9.14484,0.399
4460000,18,0.435382,-3266.52,8.59613,0.438
4480000,16,4.42262,-3280.2,8.89882,0.417
4500000,18,1.25811,-3275.37,9.6217,0.422
4520000,25,-7.17437,-3244.27,15.185,0.448
4540000,14,-1.29948,-3282,8.83871,0.421081
4560000,18,-5.82286,-3278.86,10.6741,0.444071
4580000,17,-0.524894,-3273.87,8.11789,0.395
4600000,17,-7.10129,-3274.86,11.2282,0.41375
4620000,18,-4.45649,-3268.68,8.64334,0.412
4640000,18,-14.7467,-3293.92,12.1591,0.421
4660000,18,-4.31846,-3273.55,6.55765,0.46
4680000,15,-5.24117,-3281.04,6.98641,0.412
4700000,18,-2.8669,-3275.08,9.2444,0.424
4720000,12,0.975068,-3296.64,4.89664,0.424333
4740000,17,-9.91862,-3288.87,5.73888,0.436
4760000,19,-3.18738,-3269.46,9.98152,0.434
4780000,17,0.339046,-3259.22,12.7071,0.466
4800000,23,-6.2007,-3245.04,17.2386,0.421333
4820000,18,-13.1465,-3259.52,14.2675,0.415
4840000,21,-13.7966,-3242.67,14.1138,0.403
4860000,17,-1.18197,-3296.55,8.49701,0.4434
4880000,17,-2.76948,-3241.55,9.3655,0.407
4900000,16,-10.0662,-3277.13,11.1854,0.435
4920000,16,-3.94015,-3262.98,10.3,0.417
4940000,19,-3.51105,-3265.8,12.1838,0.429769
4960000,19,-7.22024,-3254.92,11.9216,0.423625
4980000,16,-0.585465,-3299.12,8.62358,0.419333
5000000,14,-6.81265,-3266.75,8.63948,0.409
5020000,14,-3.92295,-3284.1,5.7274,0.415
5040000,21,-4.66907,-3257.43,11.2986,0.406
5060000,19,-14.6171,-3286.06,9.56658,0.437
5080000,19,-10.4029,-3273.95,7.088,0.448
5100000,10,-1.53958,-3315.3,7.36453,0.407
5120000,18,-8.64431,-3261.11,6.39571,0.401
5140000,20,-8.00306,-3276.94,10.1372,0.4435
5160000,19,-5.1109,-3264.65,10.1399,0.424
5180000,18,0.343217,-3273.23,8.80159,0.418
5200000,17,-0.637128,-3284.12,7.39308,0.43575
5220000,19,-4.72023,-3278.26,9.16593,0.43395
5240000,18,-1.35506,-3273.25,7.02978,0.4305
5260000,13,-0.869987,-3285.09,7.20779,0.408
5280000,13,1.01617,-3282.98,3.17669,0.453
5300000,14,-3.28365,-3272.92,9.17591,0.403333
5320000,15,-7.83234,-3276.13,9.51545,0.428556
5340000,14,-2.10893,-3286.45,6.9768,0.415435
5360000,17,-5.01077,-3265.57,12.1482,0.416059
5380000,14,-0.40674,-3286.81,4.96443,0.438
5400000,20,-18.7515,-3271.74,16.7827,0.413778
5420000,14,-6.56711,-3296.8,9.75237,0.421667
5440000,20,-2.61265,-3261.46,12.7944,0.42675
5460000,14,3.19204,-3282.77,8.01969,0.431
5480000,21,-4.04601,-3271.85,7.39879,0.447
5500000,18,0.405203,-3276.77,8.23858,0.429111
5520000,18,3.30628,-3262.28,4.92391,0.44
5540000,16,-6.07943,-3279.97,8.8964,0.42
5560000,15,-3.61318,-3291.01,7.35342,0.4425
5580000,13,-1.22524,-3288.66,6.60418,0.4365
5600000,17,-8.75398,-3260.48,9.79012,0.398
5620000,16,-0.148906,-3284.36,5.67135,0.396
5640000,22,-9.95355,-3282.79,9.55392,0.438286
5660000,18,-4.93918,-3271.81,11.8625,0.452
5680000,23,-0.121293,-3254.11,12.7613,0.419333
5700000,16,-3.44787,-3266.2,7.16203,0.436286
5720000,16,3.19542,-3271.45,5.58672,0.425
5740000,20,-13.4311,-3273.32,10.7761,0.424167
5760000,17,-0.68733,-3279.21,7.89081,0.422125
5780000,20,-9.07278,-3250.05,6.94388,0.385
5800000,21,-6.96968,-3247.71,12.2183,0.398667
5820000,21,0.753942,-3258.4,9.39977,0.415
5840000,13,-4.6265,-3276.15,9.52438,0.412154
5860000,13,-4.43638,-3283.38,4.78773,0.441
5880000,18,-0.258848,-3275.23,6.89703,0.433667
5900000,14,-1.9406,-3293.13,7.42917,0.418
5920000,17,-7.93203,-3269.96,11.4351,0.406
5940000,14,-2.52651,-3288.19,4.63872,0.4
5960000,18,0.809624,-3264.99,8.715,0.443
5980000,15,4.96073,-3287.03,4.96547,0.469
6000000,18,-4.49375,-3276.71,8.52899,0.417
6020000,14,-3.99703,-3276.65,11.7163,0.443
6040000,18,-1.6463,-3300.23,9.35319,0.395
6060000,12,1.29133,-3297.88,7.71435,0.413
6080000,14,-3.08486,-3285.33,5.89964,0.42
6100000,11,1.06876,-3301.58,3.17342,0.425
6120000,15,-1.78304,-3271.18,6.68164,0.450571
6140000,15,0.146723,-3281.12,5.06749,0.41825
6160000,15,-0.440153,-3280.02,9.69817,0.404
6180000,17,-2.24702,-3253.51,9.54327,0.395
6200000,18,-11.8435,-3272,11.1052,0.427
6220000,16,-0.949936,-3278.55,7.4101,0.431833
6240000,14,1.86843,-3274.39,7.90375,0.417
6260000,23,-10.4859,-3260.54,14.2077,0.438
6280000,19,-9.58878,-3249.51,9.34617,0.437
6300000,16,-1.33346,-3294.29,6.21827,0.41
6320000,16,3.71675,-3287.51,4.04379,0.4366
6340000,16,1.59584,-3292.39,9.25206,0.436
6360000,16,-1.33416,-3281.89,3.67284,0.4146
6380000,19,-5.24978,-3290.58,8.08835,0.448667
6400000,15,-11.4724,-3284.11,10.9212,0.45575
6420000,12,-11.9772,-3294.29,10.5954,0.408
6440000,20,1.20618,-3260.87,8.57761,0.426
6460000,16,-9.55563,-3273.46,13.4959,0.422545
6480000,19,0.315115,-3266.58,9.46741,0.412
6500000,18,-0.676352,-3257.63,9.3126,0.436
6520000,16,-0.489224,-3293.33,6.72546,0.450167
6540000,20,-12.9345,-3266.75,13.6143,0.448
6560000,19,-8.10213,-3259.77,12.333,0.444
6580000,25,-11.0415,-3277.87,10.352,0.445
6600000,14,-4.9245,-3282.39,10.2865,0.42
6620000,18,1.85792,-3270.46,6.30296,0.446
6640000,16,-3.98615,-3276.97,10.08,0.428636
6660000,15,-4.01663,-3273.1,10.0902,0.4242
6680000,22,-1.76422,-3256.15,8.72054,0.439
6700000,20,0.725497,-3252.9,8.24111,0.4165
6720000,20,-6.57187,-3265.15,10.6414,0.429
6740000,22,-2.57241,-3264.58,9.45217,0.432
6760000,18,-8.76616,-3265.84,9.73072,0.419
6780000,21,-2.07935,-3248.75,6.86928,0.457
6800000,20,-15.3699,-3250.86,13.4746,0.437083
6820000,23,-5.914,-3254.77,15.0073,0.424
6840000,14,2.77027,-3283.69,5.86513,0.374
6860000,18,0.683091,-3271.63,7.23936,0.401
6880000,20,-5.81958,-3279.78,12.1225,0.389
6900000,19,6.78038,-3274.93,8.89626,0.406
6920000,17,-4.30808,-3260.91,9.18898,0.4
6940000,16,7.4306,-3283.75,6.71157,0.4215
6960000,17,3.82239,-3275.31,6.33234,0.438429
6980000,18,-4.30316,-3267.62,13.421,0.424182
7000000,16,-5.36731,-3279.59,5.69101,0.392
7020000,16,-3.70235,-3284.05,12.4233,0.433778
7040000,16,4.97788,-3279.04,6.13737,0.4208
7060000,21,-2.70804,-3265.83,11.5716,0.452
7080000,15,-4.40614,-3265.53,6.98865,0.423
7100000,16,-13.1714,-3276.04,14.3343,0.427
7120000,17,-7.10748,-3264.95,11.8834,0.433
7140000,13,0.916164,-3272.83,8.53032,0.4
7160000,20,0.327109,-3255.75,10.159,0.43
7180000,21,-2.60101,-3258.13,8.92199,0.443
7200000,21,-3.01236,-3264.74,9.03678,0.45
7220000,24,1.54317,-3246.3,11.1414,0.450313
7240000,13,-3.83091,-3296.18,10.4477,0.430733
7260000,14,-4.27663,-3274.61,5.61656,0.4288
7280000,19,-10.1603,-3267.79,12.8259,0.4416
7300000,15,0.273611,-3276.79,7.59438,0.410833
7320000,15,-9.14587,-3289.13,9.74723,0.44825
7340000,16,-8.84036,-3284.28,8.55255,0.429
7360000,18,-6.01616,-3269.86,7.27895,0.445
7380000,15,-8.19065,-3281.33,8.72389,0.450875
7400000,16,-5.26942,-3290.54,13.1725,0.450333
7420000,16,-8.48136,-3276.31,8.15603,0.4159
7440000,16,-7.03955,-3288.39,9.90455,0.443
7460000,13,-2.03538,-3280.3,4.57769,0.410625
7480000,15,-4.49953,-3272.55,11.0217,0.4245
7500000,12,0.198878,-3302.28,8.14239,0.413333
7520000,10,-1.09459,-3297.44,7.302,0.429167
7540000,20,-1.86373,-3276.39,10.822,0.436
7560000,12,-4.61813,-3298.92,8.8249,0.431379
7580000,15,-5.57449,-3289.38,9.98894,0.428
7600000,15,-12.2173,-3268.96,9.16072,0.412
7620000,14,1.44531,-3301.82,5.33317,0.411667
7640000,19,-2.00656,-3308.43,6.39078,0.403833
7660000,10,-0.0928666,-3295.98,6.13519,0.392
7680000,15,-8.67678,-3290.67,5.81897,0.443
7700000,16,1.77102,-3284.26,7.97444,0.42475
7720000,16,-6.16586,-3270.04,9.62495,0.431667
7740000,14,-1.73152,-3286.68,6.86233,0.4027
7760000,16,8.71846,-3278.53,6.21846,0.429857
7780000,18,-0.272527,-3272.48,8.39748,0.433667
7800000,15,0.399231,-3274.56,6.71955,0.431
7820000,19,-5.62418,-3262.7,11.3137,0.432
7840000,22,-7.59651,-3258.38,8.78191,0.452
7860000,15,2.3016,-3283.39,5.11121,0.43
7880000,17,-0.265165,-3276.13,9.00517,0.442
7900000,21,-7.30484,-3271.13,10.5613,0.461
7920000,12,-2.25725,-3294.43,8.26224,0.362
7940000,15,-3.80689,-3275.25,5.82202,0.426
7960000,21,-4.04045,-3275.5,15.6303,0.439154
7980000,14,0.665084,-3289.43,5.36803,0.422
8000000,17,0.492053,-3262.61,3.76768,0.4238
8020000,18,1.22104,-3265.2,7.43574,0.431
8040000,13,2.67484,-3292.02,6.05487,0.427
8060000,18,-0.989286,-3277.33,8.32683,0.433
8080000,15,-1.67375,-3274.24,5.28567,0.415
8100000,18,-6.25114,-3255.93,12.1771,0.437
8120000,17,2.52947,-3268.47,9.78176,0.401
8140000,21,-14.1884,-3275.6,13.2561,0.438571
8160000,17,-1.13403,-3273.57,9.01549,0.425
8180000,16,-3.95763,-3250.91,8.17895,0.404
8200000,17,4.36493,-3273.87,5.84101,0.468
8220000,19,0.282387,-3253.73,9.23276,0.4341
8240000,15,-1.83608,-3276.77,6.98912,0.403
8260000,22,-2.33151,-3258.28,10.1573,0.42075
8280000,21,-5.32617,-3251,13.0226,0.453
8300000,20,-4.04606,-3263.32,10.2828,0.425889
8320000,18,-6.16718,-3267.6,10.3291,0.406
8340000,18,-14.1904,-3296.91,9.30421,0.45
8360000,19,-14.4797,-3268.17,11.8375,0.423687
8380000,15,-9.73856,-3287.06,8.10136,0.4455
8400000,20,-10.7276,-3271.73,12.2108,0.4228
8420000,19,-6.77848,-3275.76,10.3232,0.435
8440000,18,-5.52208,-3282.81,6.14857,0.433571
8460000,12,2.64029,-3310.85,4.62884,0.428923
8480000,15,-3.44455,-3288.59,9.02908,0.425
8500000,14,-3.61665,-3281.95,8.63585,0.432571
8520000,17,-3.84505,-3277.16,7.32098,0.4306
8540000,16,-8.20328,-3266.61,5.35342,0.407
8560000,18,-6.79426,-3258.28,9.69761,0.414
8580000,19,-6.78071,-3263.39,7.70318,0.445
8600000,19,-1.66679,-3273.96,12.1393,0.421
8620000,14,-6.23313,-3276.41,7.21601,0.418
8640000,19,-9.4558,-3285.75,16.584,0.455
8660000,25,-11.625,-3269.84,12.3791,0.4267
8680000,15,-4.0677,-3276.87,5.24875,0.419
8700000,15,1.08831,-3286.03,4.0453,0.396
8720000,14,-4.83882,-3288.74,9.71043,0.424
8740000,12,-1.96047,-3295.4,6.83929,0.4345
8760000,22,-10.2744,-3274.67,13.2258,0.477
8780000,19,-8.91908,-3277.67,9.28073,0.423556
8800000,23,-4.27171,-3268.54,12.2118,0.455
8820000,16,3.62498,-3278.14,5.41222,0.407
8840000,18,-1.80135,-3270.79,10.0009,0.437
8860000,17,-1.52268,-3300.13,8.34622,0.441375
8880000,19,-3.94994,-3272.11,9.14444,0.439
8900000,17,-6.47678,-3280.71,10.8907,0.458
8920000,12,-2.18263,-3271.79,4.04601,0.391
8940000,17,-9.59721,-3280.62,8.30376,0.411
8960000,18,-8.22088,-3276.73,7.18637,0.402
8980000,21,-7.28309,-3272.74,11.4296,0.457
9000000,18,-4.67496,-3258.92,7.37952,0.42
9020000,16,-1.91072,-3287.45,6.74951,0.446
9040000,22,-3.98843,-3254.83,14.3723,0.444
9060000,21,-0.608906,-3237.21,7.71786,0.443
9080000,17,-13.1059,-3269.55,13.7383,0.439
9100000,18,1.58726,-3271,6.40465,0.399
9120000,17,5.05806,-3269.56,8.52954,0.40975
9140000,17,3.87841,-3272.75,8.0451,0.387
9160000,16,-6.18079,-3278.19,8.86663,0.399
9180000,17,0.271278,-3266.68,8.96688,0.425889
9200000,24,-11.5475,-3251.22,10.6204,0.433889
9220000,23,-6.10531,-3260.62,8.45953,0.4438
9240000,22,-10.1529,-3255.96,10.0018,0.407
9260000,14,0.31951,-3283.5,7.53262,0.444
9280000,17,-7.56964,-3286.63,12.2332,0.428
9300000,13,0.156207,-3287.17,8.65128,0.4345
9320000,17,0.861536,-3281.65,6.95822,0.386
9340000,15,-5.3498,-3275.8,4.98466,0.423
9360000,18,-4.03526,-3258.89,6.69574,0.417
9380000,15,9.47719,-3290.41,4.8844,0.404
9400000,17,-6.36047,-3283.01,6.83571,0.444
9420000,16,0.87801,-3271.12,10.1925,0.409
9440000,14,-1.67178,-3286.51,7.55124,0.416
9460000,20,-2.80133,-3279.65,10.4525,0.433037
9480000,15,4.6294,-3299.11,4.78631,0.434333
9500000,13,-2.97866,-3282.99,7.79596,0.400667
9520000,17,-4.33849,-3281.29,8.07848,0.454
9540000,15,-4.94215,-3290.57,8.14617,0.476
9560000,17,-8.57491,-3275.48,11.8651,0.419833
9580000,14,-0.822049,-3291.88,3.8461,0.425963
9600000,19,-5.39602,-3267.68,10.6337,0.416333
9620000,12,-1.60659,-3307.97,4.01423,0.422
9640000,17,4.59915,-3284.79,7.25431,0.410667
9660000,12,0.971898,-3318.89,4.81622,0.392333
9680000,14,3.93665,-3280.62,5.32072,0.421889
9700000,16,-7.05727,-3277.2,13.8617,0.418625
9720000,14,-3.94664,-3297.79,10.1397,0.411
9740000,16,-4.99309,-3283.43,10.5415,0.427
9760000,15,3.58775,-3280.31,6.53705,0.431214
9780000,18,-2.86902,-3282.3,9.38396,0.415
9800000,15,-10.6916,-3297.18,9.99607,0.438
9820000,19,-4.55984,-3265.03,15.9523,0.427
9840000,14,-3.43399,-3274.88,6.61065,0.423364
9860000,17,-2.37363,-3264.91,8.0817,0.419667
9880000,17,-7.91363,-3286.87,9.94121,0.433
9900000,14,-7.50288,-3290.87,9.14359,0.3985
9920000,17,2.39078,-3270.85,9.30875,0.397
9940000,19,-6.11308,-3269.95,12.0992,0.434
9960000,18,-5.03163,-3288.71,8.92291,0.414
9980000,20,-3.85538,-3280.41,8.41717,0.4265
10000000,16,-10.1501,-3268.1,8.7456,0.444
10020000,13,5.23058,-3287.03,2.93129,0.412703
10040000,17,1.47682,-3277.04,6.63084,0.427111
10060000,13,-0.357412,-3276.08,7.07239,0.388
10080000,12,2.96467,-3286.32,4.79334,0.404
10100000,17,-1.6858,-3271.13,9.57316,0.453
10120000,17,-10.2192,-3258.31,13.0601,0.446
10140000,19,-3.38448,-3278.07,10.8517,0.409
10160000,14,3.50647,-3275.42,6.34103,0.417269
10180000,14,-3.32785,-3275.55,8.02003,0.422
10200000,19,-3.09972,-3279.34,11.1673,0.452
10220000,25,-20.049,-3251.42,16.2504,0.4568
10240000,16,5.45298,-3263.56,5.24184,0.406
10260000,15,-1.50351,-3265.95,10.1558,0.364
10280000,16,-3.5264,-3281.06,14.7441,0.42625
10300000,22,-6.46278,-3268.24,13.1552,0.435
10320000,19,-6.25004,-3257.04,10.6159,0.4376
10340000,12,-2.58125,-3280.68,4.99713,0.418
10360000,18,-5.5728,-3279.29,8.39624,0.4314
10380000,17,-0.361904,-3258.96,11.355,0.434
10400000,15,-1.5491,-3286.24,8.016,0.424333
10420000,15,-4.62661,-3292.51,6.31604,0.411
10440000,20,-9.92742,-3273.57,10.1201,0.427
10460000,16,7.48777,-3278.89,4.59481,0.423
10480000,20,-4.898,-3265.22,9.58338,0.452
10500000,18,3.24412,-3259.83,10.5916,0.457
10520000,15,-3.52536,-3301.27,6.2615,0.4445
10540000,20,-6.67869,-3267.94,12.7285,0.45015
10560000,16,4.27731,-3280.95,6.29093,0.42
10580000,20,-3.9626,-3269.86,7.24271,0.428
10600000,16,-9.12088,-3270.94,12.1022,0.431833
10620000,18,-10.7395,-3268.57,13.9214,0.414
10640000,13,-2.76717,-3291.88,3.80833,0.425
10660000,16,-1.33104,-3268.6,12.1193,0.431273
10680000,16,1.16309,-3268.48,6.09456,0.427
10700000,14,-2.55334,-3288.83,4.70902,0.421
10720000,17,-1.81473,-3277.91,7.0789,0.422
10740000,15,-2.43681,-3271.9,10.3511,0.403
10760000,13,-8.32953,-3292.7,9.30113,0.425167
10780000,18,-0.235961,-3255.61,11.122,0.408
10800000,16,-6.79073,-3271.67,10.3374,0.43
10820000,15,-5.81375,-3272.55,8.57711,0.439
10840000,13,-2.2795,-3297.76,4.34239,0.426
10860000,15,-4.85843,-3269,8.76259,0.431857
10880000,17,-2.57228,-3264.38,7.87491,0.393
10900000,18,-8.5726,-3278.78,11.4268,0.423
10920000,17,-4.76348,-3274.91,11.58,0.41675
10940000,16,-3.40549,-3279.58,7.41933,0.423
10960000,15,-0.268825,-3262.07,8.92945,0.413
10980000,24,-5.99274,-3262.86,13.538,0.46
11000000,16,6.81695,-3260.25,3.96176,0.411
11020000,26,-21.808,-3245.2,17.8367,0.431
11040000,27,3.70254,-3257.52,13.6382,0.44
11060000,21,-4.14072,-3259.01,6.93471,0.405667
11080000,18,-7.75549,-3259.6,9.90841,0.431353
11100000,16,-0.830451,-3266.14,10.111,0.441
11120000,16,-6.02193,-3273.79,8.66984,0.432
11140000,21,-1.12335,-3275.51,7.75639,0.449
11160000,13,-2.17154,-3289.62,6.54908,0.404
11180000,17,-1.14881,-3264.74,9.03128,0.399
11200000,13,-0.0102512,-3281.64,6.50648,0.434333
11220000,20,-6.29081,-3282.84,11.4396,0.4416
11240000,15,-10.4765,-3273.04,11.0844,0.40925
11260000,14,1.30277,-3282.49,6.6455,0.422
11280000,15,-4.3586,-3265.91,7.94996,0.421125
11300000,14,2.12128,-3266.7,6.82471,0.4268
11320000,14,3.33413,-3273.38,5.05874,0.434
11340000,19,-1.62765,-3267.69,11.8842,0.42
11360000,10,1.74177,-3301.62,5.50391,0.378
11380000,23,-11.1898,-3234.58,8.28257,0.424
11400000,17,-5.10381,-3285.53,9.54053,0.44175
11420000,15,-2.08292,-3283.96,8.02783,0.386
11440000,26,-10.6281,-3245.9,15.5706,0.418929
11460000,23,-2.11377,-3232.41,13.699,0.391
11480000,22,-8.09162,-3256.71,14.8132,0.427
11500000,26,-7.38007,-3257.83,12.4231,0.43575
11520000,17,-8.71012,-3266.86,10.2965,0.436333
11540000,20,-3.31363,-3276.38,9.47849,0.442
11560000,19,-5.35081,-3260.37,8.99926,0.424
11580000,17,-12.8322,-3259.79,8.4192,0.387
11600000,19,-0.179909,-3274.64,8.10535,0.441
11620000,16,-0.299683,-3279.83,5.87031,0.436182
11640000,17,2.87922,-3268.77,6.88672,0.423
11660000,16,-7.78184,-3281.05,13.8344,0.430429
11680000,15,-6.40136,-3276.54,5.0696,0.414
11700000,16,-0.0749838,-3271.81,6.59695,0.444
11720000,14,-1.49954,-3269.01,5.78419,0.419
11740000,16,-6.02474,-3289.79,9.35258,0.4309
11760000,21,-12.8568,-3285.24,16.4834,0.4485
11780000,14,-8.04887,-3281.58,9.60369,0.431
11800000,18,-1.10819,-3269.84,5.7492,0.426
11820000,16,-3.66666,-3264.45,8.65083,0.404667
11840000,18,-9.75832,-3269.87,10.9431,0.424
11860000,16,-8.60959,-3275.03,11.7959,0.42025
11880000,16,5.63732,-3277.39,5.1632,0.447
11900000,19,-4.89766,-3275.31,11.3652,0.43575
11920000,16,-4.91438,-3266.36,9.5825,0.426444
11940000,20,2.85597,-3266.05,11.5684,0.42685
11960000,17,-2.08288,-3244.65,11.4041,0.421
11980000,22,-1.36728,-3267.84,11.186,0.4465
12000000,18,-5.12186,-3283.98,10.2705,0.448
12020000,12,0.804523,-3294.85,6.51704,0.382
12040000,13,-2.98576,-3284.07,6.85333,0.40175
12060000,19,-15.2767,-3256.94,6.53566,0.440625
12080000,26,-6.51908,-3238.07,11.3914,0.452
12100000,19,-1.53262,-3244.52,8.8448,0.433
12120000,20,-4.55394,-3269.39,11.7358,0.4384
12140000,12,-2.21591,-3295.29,7.88657,0.412
12160000,14,-4.96866,-3289.52,5.35473,0.408714
12180000,20,-3.89936,-3270.53,9.56623,0.469
12200000,13,-1.88187,-3286.52,7.81436,0.409
12220000,17,-6.17068,-3272.09,6.40476,0.411
12240000,16,-2.83996,-3276.96,9.29221,0.42
12260000,15,-0.24667,-3282.91,7.62248,0.4182
12280000,14,-7.24651,-3274.77,8.03034,0.383
12300000,16,-2.58184,-3274.1,9.06133,0.424
12320000,16,-10.4034,-3266.41,9.0369,0.403
12340000,17,-2.60732,-3284.53,5.00913,0.417885
12360000,16,-0.780617,-3282.34,7.20165,0.4126
12380000,19,-1.46122,-3278.83,8.60657,0.444
12400000,22,-7.39641,-3285.36,11.2201,0.4395
12420000,14,2.59968,-3287.01,5.61406,0.420667
12440000,14,-1.13379,-3287.97,5.00526,0.415
12460000,15,-10.0817,-3282.62,8.9261,0.436
12480000,18,-9.02546,-3273.65,10.5223,0.395
12500000,17,-9.14684,-3261.9,10.2235,0.415
12520000,19,-3.2937,-3260.6,12.9331,0.435167
12540000,16,-2.64585,-3270.9,7.16143,0.431
12560000,18,-14.9126,-3271.28,8.99933,0.438
12580000,22,-7.67881,-3252.12,10.2365,0.434143
12600000,20,-8.08041,-3258.18,8.23986,0.433
12620000,14,1.93678,-3281.21,5.00433,0.431714
12640000,20,-14.7394,-3246.78,15.5668,0.4236
12660000,18,-6.8551,-3277.89,10.524,0.406
12680000,14,-14.0388,-3290.47,10.5806,0.425
12700000,12,0.296876,-3282.98,5.77585,0.403
12720000,22,-10.7213,-3274.15,8.13818,0.422
12740000,13,-2.75731,-3301.29,6.13107,0.416
12760000,16,-0.812754,-3279.39,9.76105,0.397
12780000,17,-5.4724,-3274.68,10.1101,0.4196
12800000,18,-3.65932,-3265.54,9.20081,0.431167
12820000,16,-5.88348,-3272.75,9.33159,0.417333
12840000,19,-10.338,-3267.14,6.31896,0.438
12860000,15,-3.52151,-3265.94,10.3452,0.4194
12880000,19,1.37411,-3261.31,9.89388,0.417
12900000,12,0.167263,-3289.53,4.01199,0.41675
12920000,17,-5.3792,-3282.63,9.84082,0.417
12940000,16,-4.03841,-3326.18,8.58292,0.426
12960000,20,-3.50949,-3274.82,8.62411,0.4268
12980000,16,-3.17042,-3281.36,7.61255,0.406
13000000,17,-1.4522,-3274.62,9.21926,0.428
13020000,18,-4.27752,-3290.79,8.95301,0.418
13040000,13,-7.45451,-3283.82,6.04974,0.424429
13060000,17,-8.37224,-3270.88,13.0467,0.417
13080000,13,-2.38593,-3298.57,7.31223,0.441
13100000,17,-7.93533,-3275.31,13.2264,0.431762
13120000,15,-7.44403,-3282.63,9.1215,0.436
13140000,22,-12.1161,-3280.86,13.2587,0.434
13160000,20,-8.52778,-3259.47,10.8125,0.438333
13180000,17,-5.62902,-3271.44,7.06812,0.405
13200000,9,-0.387904,-3309.51,3.57582,0.3866
13220000,24,-13.3806,-3266.16,12.0862,0.397333
13240000,15,-2.82025,-3299.22,10.4091,0.425
13260000,21,5.73947,-3264.79,8.46283,0.439
13280000,18,-5.1667,-3277.96,9.53135,0.428
13300000,24,-7.46354,-3263.54,8.48814,0.441
13320000,20,-12.7852,-3275.39,11.9315,0.404
13340000,17,1.00696,-3256.71,8.14928,0.396
13360000,20,-10.5182,-3273.09,5.3144,0.4368
13380000,19,-10.8827,-3277.85,15.8747,0.420667
13400000,13,-6.36703,-3288.83,5.46448,0.442
13420000,11,1.70405,-3298.69,5.08257,0.386
13440000,20,-6.43589,-3284.14,9.93888,0.421
13460000,16,2.10941,-3264.39,8.2058,0.381
13480000,16,-1.82679,-3276.64,7.90612,0.423333
13500000,16,-0.870123,-3278.5,8.21514,0.43
13520000,15,5.19562,-3295.07,7.00768,0.426
13540000,20,-12.0439,-3273.03,9.984,0.4318
13560000,12,-0.120921,-3284.06,7.99744,0.4075
13580000,15,-6.98495,-3286.07,9.82293,0.433
13600000,16,-6.93851,-3281.51,8.55359,0.432
13620000,17,-1.11658,-3269.41,9.3439,0.382
13640000,18,1.19539,-3280.87,9.76271,0.434
13660000,20,-7.49817,-3257.07,10.9473,0.4534
13680000,12,-2.29509,-3303.37,6.15562,0.404214
13700000,17,-7.44675,-3270.05,10.2588,0.406
13720000,14,-0.515022,-3286.2,8.09568,0.437111
13740000,15,3.52068,-3273.36,5.34906,0.412
13760000,12,0.361695,-3300.94,5.63272,0.438
13780000,15,3.16675,-3259.51,6.55647,0.369
13800000,14,-7.62139,-3289.56,12.7961,0.422333
13820000,16,-4.06808,-3273.26,9.95098,0.42
13840000,14,-9.21106,-3296.03,9.05363,0.382
13860000,17,-6.58988,-3267.11,10.7665,0.419
13880000,11,-3.75269,-3305.93,3.35983,0.387
13900000,16,1.17664,-3272.11,5.9415,0.432
13920000,21,-5.6803,-3270.83,10.375,0.452
13940000,13,2.20077,-3291.22,5.76484,0.394
13960000,17,-10.8499,-3262.82,11.0965,0.409
13980000,12,-0.185187,-3291.88,3.72578,0.389
14000000,22,0.232066,-3277.09,9.45757,0.454
14020000,18,-6.33565,-3286.53,12.5804,0.439
14040000,15,-4.26003,-3291.05,6.63205,0.435
14060000,13,-1.36899,-3288.25,6.44899,0.437
14080000,19,-1.10908,-3270.81,10.3542,0.433
14100000,13,-1.12261,-3293.44,5.72335,0.418
14120000,23,-2.66171,-3258.59,12.5556,0.44975
14140000,14,-5.746,-3297.98,5.81284,0.434
14160000,17,-5.79644,-3256.3,7.54815,0.424
14180000,16,3.04352,-3266.04,7.78415,0.421
14200000,18,-7.37154,-3267.89,9.60003,0.433
14220000,19,-1.99062,-3270.43,13.194,0.3975
14240000,14,-3.04293,-3289.28,7.89729,0.4155
14260000,22,-5.65484,-3263.56,11.1962,0.453
14280000,15,4.54618,-3289.24,6.15848,0.4136
14300000,18,1.11739,-3269.11,8.27168,0.445
14320000,12,4.52814,-3292.41,5.27052,0.425
14340000,19,-9.09773,-3278.29,13.7386,0.411
14360000,18,-11.7464,-3258.32,13.1428,0.397
14380000,17,-5.72563,-3267.87,6.5459,0.42
14400000,16,-3.66595,-3268.08,5.47278,0.393
14420000,16,-2.95641,-3266.06,10.1385,0.419
14440000,13,-10.4103,-3285.48,10.0021,0.402
14460000,18,0.996487,-3268.32,9.32137,0.439353
14480000,19,0.539319,-3253.47,6.27068,0.439
14500000,23,-4.19095,-3256.7,11.0681,0.434625
14520000,20,2.03342,-3265.11,9.52469,0.407
14540000,16,-2.96611,-3276.91,6.57581,0.4112
14560000,17,-6.42803,-3295.4,11.626,0.418
14580000,15,0.727096,-3272.78,6.09858,0.410667
14600000,16,-8.60699,-3273.24,9.88119,0.409
14620000,16,-0.318761,-3270.29,8.51982,0.404
14640000,13,-10.3183,-3283.64,10.5354,0.43663
14660000,14,1.27256,-3266.04,7.00169,0.421714
14680000,17,-2.93835,-3270.22,10.5301,0.407
14700000,17,-14.1935,-3265.88,8.57709,0.4116
14720000,15,-5.74422,-3285.74,10.6732,0.41825
14740000,18,-6.59296,-3279.56,9.18685,0.430571
14760000,18,-1.3905,-3268.85,12.0706,0.387
14780000,16,-1.76423,-3273.97,5.84473,0.436625
14800000,14,-1.73725,-3293.93,11.0283,0.413111
14820000,20,-5.45833,-3271.54,14.4191,0.439
14840000,15,-2.89456,-3282.62,7.52786,0.397
14860000,16,3.67042,-3275.1,8.39593,0.454
14880000,17,-10.5182,-3264.22,10.7234,0.4438
14900000,18,-4.37295,-3281.64,10.7302,0.423
14920000,15,-3.05408,-3272.06,6.8784,0.418909
14940000,15,0.989159,-3274.59,8.35728,0.385
14960000,12,-1.22923,-3280.78,8.30313,0.388
14980000,17,-1.84588,-3271.81,6.54898,0.389
15000000,20,-3.79605,-3268.76,10.5861,0.43
15020000,14,-0.777331,-3272.23,9.19319,0.414
15040000,19,-3.26905,-3303.16,9.39162,0.452
15060000,15,-1.60543,-3262.79,9.54232,0.413
15080000,17,-2.91173,-3260.88,7.54361,0.399
15100000,16,-5.15087,-3274.69,8.98136,0.399
15120000,15,-2.81436,-3275.66,8.16103,0.41
15140000,18,-17.1259,-3278.81,12.5959,0.449
15160000,15,1.24137,-3284.31,4.43737,0.435
15180000,19,0.783191,-3273.46,9.88823,0.425429
15200000,19,-4.40565,-3268.95,9.13213,0.439
15220000,19,-8.47259,-3269.06,9.7508,0.428429
15240000,15,0.092029,-3264.37,6.25516,0.433
15260000,15,-2.72733,-3276.33,7.75342,0.4122
15280000,18,-11.8494,-3250.53,14.256,0.3988
15300000,15,5.04744,-3281.03,6.42978,0.422786
15320000,17,-0.0456293,-3273.19,8.6601,0.424
15340000,18,-9.31342,-3267.58,6.55285,0.387
15360000,17,-4.18004,-3275.07,11.3785,0.412
15380000,15,-3.77428,-3271.79,11.0526,0.385
15400000,18,-3.64034,-3280.88,10.3939,0.427727
15420000,16,-3.28422,-3276,13.0896,0.42
15440000,15,-1.69487,-3280.85,9.47404,0.4025
15460000,16,0.0319245,-3271.24,9.48106,0.401
15480000,13,-10.1023,-3275,7.39254,0.412
15500000,17,-1.75584,-3297.65,9.41854,0.445
15520000,17,-6.62778,-3279.08,9.62467,0.4485
15540000,15,0.24267,-3292.54,5.00037,0.412714
15560000,21,-0.857087,-3269.14,9.15636,0.4375
15580000,19,-3.69614,-3270.47,12.2196,0.446
15600000,17,-12.01,-3270.76,9.20342,0.442667
15620000,17,-9.13085,-3277.45,6.85199,0.395
15640000,22,-2.37594,-3273.67,8.48073,0.473
15660000,15,-5.88186,-3278.69,8.62796,0.4035
15680000,15,-5.61036,-3292.41,7.42772,0.369
15700000,13,-3.65788,-3281.91,5.01728,0.407
15720000,16,-0.151318,-3282.04,7.31623,0.429667
15740000,19,5.75321,-3258.64,8.09698,0.427
15760000,19,-6.815,-3269.48,12.1317,0.445571
15780000,18,-4.56499,-3258.33,12.3694,0.439
15800000,16,0.773115,-3267.3,5.18243,0.421
15820000,18,-7.30773,-3274.27,14.0267,0.456375
15840000,18,3.02086,-3290.17,9.90838,0.461
15860000,19,-2.24607,-3281.4,12.1509,0.471
15880000,17,-3.25599,-3272.09,10.0046,0.430867
15900000,15,-2.11057,-3267.32,11.9679,0.401
15920000,14,4.15471,-3281.33,6.24625,0.414
15940000,14,-0.417888,-3274.78,4.76792,0.416
15960000,13,-3.62121,-3266.62,6.58174,0.397
15980000,15,-3.22342,-3292.9,7.04757,0.421
16000000,17,-11.4603,-3274.42,13.0511,0.42
16020000,14,2.70679,-3277.23,6.49084,0.410667
16040000,13,-1.95461,-3280.37,5.60566,0.386
16060000,13,-2.1814,-3302.11,7.90345,0.406
16080000,16,-3.26549,-3286.4,6.86408,0.448
16100000,12,1.29771,-3282.86,5.03705,0.436
16120000,14,-2.55315,-3289.1,6.75674,0.384
16140000,14,-0.0135767,-3287.63,6.9923,0.412
16160000,20,1.44354,-3279.42,7.50843,0.414444
16180000,13,-5.88305,-3273.13,3.85413,0.422
16200000,12,4.2415,-3292.38,4.50731,0.413
16220000,16,-1.25267,-3277.4,5.58517,0.402667
16240000,16,3.52651,-3284.18,6.26198,0.4255
16260000,16,-1.86353,-3289.89,9.32999,0.438667
16280000,16,-1.0395,-3294.81,9.77998,0.421364
16300000,13,1.32737,-3286.64,4.24384,0.414667
16320000,15,2.41096,-3297.93,7.03038,0.438714
16340000,17,-6.42085,-3252.93,6.73503,0.419167
16360000,14,2.53911,-3267.71,7.18325,0.398
16380000,21,-9.12569,-3257.6,10.1677,0.4325
16400000,19,-13.7512,-3247.52,14.5721,0.418
16420000,19,-1.20736,-3271.32,10.0038,0.4346
16440000,15,-4.12932,-3274.72,8.5302,0.401
16460000,13,-5.86881,-3284.68,11.5993,0.423
16480000,16,-9.38758,-3284.98,6.0383,0.4502
16500000,12,-4.42199,-3282.86,8.17977,0.391
16520000,16,-2.91428,-3270.65,4.94545,0.4222
16540000,14,-4.1752,-3292.61,9.44885,0.422
16560000,15,2.20759,-3284.81,6.25254,0.4
16580000,17,-5.37704,-3283.04,7.84256,0.431222
16600000,16,0.0215337,-3279.93,4.85662,0.433
16620000,14,0.874607,-3275.9,5.77256,0.445
16640000,18,-5.99086,-3262.53,9.62235,0.435
16660000,17,-1.68538,-3273.41,7.50765,0.43025
16680000,15,-6.58051,-3278.7,8.6433,0.403
16700000,15,2.34414,-3287.3,3.3903,0.415
16720000,19,-0.719689,-3272.94,10.614,0.425154
16740000,10,-1.44077,-3317.71,3.99773,0.423
16760000,16,0.162502,-3275.73,6.06151,0.372
16780000,19,-0.206339,-3283.07,9.89011,0.388
16800000,23,-11.4623,-3268.9,12.0581,0.42015
16820000,13,1.10495,-3279.05,7.74706,0.419222
16840000,18,-7.77929,-3279.79,10.4778,0.443
16860000,14,-2.43494,-3279.18,6.63806,0.41975
16880000,21,-6.45621,-3260.94,10.8476,0.447333
16900000,15,2.85115,-3276.86,5.27689,0.41304
16920000,16,3.43987,-3273.08,4.09884,0.4225
16940000,14,-1.25486,-3280.94,7.99899,0.393
16960000,20,-8.54109,-3272.45,12.1844,0.452
16980000,17,1.70164,-3278.41,7.54443,0.422
17000000,16,-4.39056,-3277.44,6.01641,0.423
17020000,16,0.725239,-3270.69,7.25562,0.413
17040000,15,0.725252,-3300.45,8.80331,0.471
17060000,14,-7.27011,-3294.38,8.13119,0.426
17080000,14,-3.35391,-3285.9,5.8175,0.419
17100000,11,0.335708,-3289.98,5.34197,0.388
17120000,18,0.454401,-3267.01,10.7824,0.454
17140000,16,-6.76562,-3291.12,10.8833,0.4362
17160000,13,-2.93794,-3284.72,6.23547,0.411
17180000,24,-5.83234,-3273.77,12.2883,0.429143
17200000,18,-15.2018,-3306.19,14.6935,0.422
17220000,14,0.151683,-3292.54,5.37003,0.418286
17240000,19,-6.8485,-3290.93,7.40474,0.406333
17260000,19,-4.28832,-3267.89,11.8293,0.4394
17280000,16,-6.57138,-3271.56,7.76484,0.434
17300000,18,-3.00484,-3293.28,6.2993,0.477
17320000,17,-2.4001,-3290.26,9.10765,0.410625
17340000,13,-1.00874,-3272.88,6.90306,0.3915
17360000,15,-1.53055,-3301.28,8.46157,0.411
17380000,14,-4.01801,-3282.35,6.98165,0.417
17400000,17,-2.72036,-3284.57,9.13526,0.407364
17420000,16,-8.55405,-3287.2,8.51705,0.45
17440000,15,-6.9045,-3288.38,10.4714,0.428714
17460000,15,-3.65848,-3274.35,10.2543,0.4358
17480000,15,-1.25479,-3279.24,9.98007,0.447857
17500000,15,5.53988,-3275.82,5.96551,0.408
17520000,17,-3.66563,-3276.35,12.1467,0.4025
17540000,13,-3.09062,-3289.27,5.44703,0.417
17560000,15,-1.24949,-3271.93,6.75554,0.389
17580000,15,-1.9783,-3287.24,8.21104,0.431357
17600000,17,-6.81058,-3272.76,7.59065,0.4244
17620000,17,0.454345,-3275.54,8.42372,0.437
17640000,20,-11.4309,-3263.75,7.94988,0.4206
17660000,19,1.33681,-3286.57,8.20155,0.413
17680000,15,3.16909,-3285.95,7.37049,0.411
17700000,14,-5.14777,-3295.62,8.92718,0.427571
17720000,14,-6.01476,-3295.18,6.19976,0.411091
17740000,14,-0.07214,-3278.3,7.4962,0.42
17760000,14,-3.02046,-3283.68,8.28677,0.405
17780000,21,-2.21207,-3269.76,9.0572,0.407
17800000,17,-0.686163,-3269.47,10.0551,0.41
17820000,13,-2.35328,-3295.15,6.41114,0.427889
17840000,14,-8.48853,-3280.78,9.3764,0.416
17860000,15,-4.86143,-3279.1,5.54949,0.407444
17880000,14,-3.25137,-3284.19,6.44404,0.408
17900000,19,-0.0353993,-3276.81,9.4473,0.431
17920000,20,-16.6732,-3263.63,14.4115,0.421667
17940000,14,5.35848,-3275.41,5.58052,0.411714
17960000,20,-5.80447,-3277.91,14.1287,0.42
17980000,15,2.66442,-3275.47,9.54216,0.413667
18000000,13,0.992273,-3303.79,7.7314,0.454
18020000,13,5.06743,-3301.56,6.09913,0.439667
18040000,15,4.28383,-3267.32,7.06405,0.441
18060000,14,1.83607,-3291.15,5.88953,0.461
18080000,14,-2.64315,-3294.23,9.34424,0.426
18100000,14,-3.55832,-3299.56,11.015,0.4286
18120000,19,-10.9169,-3266.2,9.22289,0.436
18140000,15,-0.0774257,-3293.01,8.42684,0.424722
18160000,13,-5.64433,-3297.58,7.31411,0.443
18180000,18,-2.87535,-3262.44,9.8464,0.409
18200000,17,-3.90865,-3254.55,8.121,0.432
18220000,18,-5.0927,-3278.8,12.2019,0.442714
18240000,19,3.29415,-3272.09,8.21532,0.3959
18260000,12,-9.16905,-3285.01,7.06558,0.4148
18280000,18,-0.795801,-3279.93,9.68738,0.414
18300000,15,-3.92429,-3277.77,9.55497,0.411565
18320000,21,-3.50833,-3246.85,8.89918,0.427
18340000,16,-9.01259,-3271.8,11.2029,0.417
18360000,18,6.09753,-3283.55,7.25316,0.406818
18380000,17,-0.476278,-3259.44,9.76207,0.411
18400000,24,-6.14785,-3253.7,7.90001,0.408
18420000,17,-5.57395,-3263.35,11.5447,0.414
18440000,18,-3.42226,-3280.49,7.33871,0.416333
18460000,23,0.145956,-3252.88,11.8381,0.428
18480000,28,-11.5154,-3262.61,16.5631,0.458
18500000,19,-4.37458,-3276.09,5.2762,0.437333
18520000,19,-10.5735,-3264.4,9.50661,0.416
18540000,19,-10.7298,-3271.09,8.86818,0.409
18560000,14,-1.55496,-3298.9,10.508,0.452
18580000,13,-10.2155,-3290.01,8.89007,0.433
18600000,15,-4.16535,-3307.92,9.91827,0.437
18620000,16,-5.32943,-3278.39,10.4807,0.4436
18640000,17,-4.002,-3268.84,7.63331,0.431
18660000,16,-6.82168,-3270.84,9.72728,0.43
18680000,12,-8.95306,-3295.92,6.27168,0.399
18700000,18,1.98681,-3263.74,5.91368,0.43
18720000,16,4.41377,-3267.39,4.19748,0.406
18740000,13,-0.734104,-3284.88,6.54701,0.406
18760000,16,-1.13989,-3265.61,6.49347,0.423
18780000,18,-1.12835,-3277.13,9.16516,0.428167
18800000,17,-5.34603,-3274.31,7.73732,0.435
18820000,18,-5.15451,-3268.75,11.1093,0.457
18840000,18,-1.47154,-3269.99,7.61131,0.424667
18860000,19,3.6027,-3277.76,8.71016,0.454833
18880000,20,-6.42925,-3261,9.6266,0.431
18900000,23,-16.4124,-3252.59,9.97956,0.438667
18920000,17,-14.8191,-3271.4,10.6887,0.416
18940000,17,-2.13614,-3283.44,5.99063,0.409
18960000,15,-2.06496,-3306.75,9.94982,0.42625
18980000,19,-2.12329,-3278.46,5.827,0.443
19000000,16,-3.70174,-3261.06,10.0153,0.42425
19020000,14,-1.26739,-3260.79,4.85911,0.420909
19040000,16,-10.2878,-3280.53,10.9207,0.447
19060000,20,-9.31018,-3260.08,13.6579,0.4435
19080000,14,4.98307,-3280.19,6.19945,0.397
19100000,16,-7.86866,-3275.28,18.3318,0.412
19120000,20,-5.03086,-3251.83,12.3074,0.403
19140000,20,-7.24487,-3253.84,12.2743,0.399
19160000,21,-7.08753,-3250.99,11.5081,0.399
19180000,18,-3.11671,-3266.35,12.1801,0.444
19200000,19,-9.00872,-3264.55,10.4857,0.415615
19220000,20,-4.12994,-3275.32,10.7631,0.464
19240000,20,-6.66795,-3257.42,9.45376,0.427
19260000,16,-13.915,-3261.46,11.5387,0.42
19280000,15,5.94043,-3271.17,4.6698,0.4096
19300000,16,-7.4764,-3279.45,9.05022,0.397
19320000,14,1.96394,-3288.88,7.99373,0.4065
19340000,16,0.864407,-3284.2,5.31278,0.4308
19360000,14,-10.9164,-3281.37,7.32103,0.39975
19380000,13,1.0775,-3278.3,4.67597,0.401
19400000,12,-2.70372,-3283.99,6.82287,0.381
19420000,17,2.14839,-3288.01,9.29055,0.408429
19440000,13,-6.91273,-3282.59,7.99139,0.397333
19460000,15,-13.1777,-3288.98,10.2855,0.437
19480000,12,-4.16814,-3289.82,7.0574,0.412
19500000,17,-6.27375,-3288.88,10.5638,0.418
19520000,19,-12.3531,-3266.22,8.39266,0.445
19540000,15,-5.01183,-3287.16,12.8773,0.422111
19560000,19,2.22575,-3285.59,8.08599,0.41975
19580000,18,-0.565627,-3266.74,6.65616,0.431
19600000,18,-3.12072,-3272.07,8.29708,0.4295
19620000,19,-7.57494,-3273.76,7.58284,0.411
19640000,13,3.79178,-3303.43,4.72351,0.443
19660000,14,-9.16934,-3287.34,8.61475,0.415
19680000,17,9.97653,-3292.16,5.3486,0.436
19700000,15,-0.00340178,-3266.63,9.05746,0.39
19720000,19,-3.79576,-3261.44,10.2711,0.414
19740000,18,-3.70072,-3264.21,12.2607,0.451
19760000,19,2.50913,-3265.08,13.7214,0.4394
19780000,11,-1.30057,-3291.82,7.00399,0.394
19800000,18,-6.34508,-3254.85,8.75117,0.438
19820000,19,-2.6706,-3262.68,8.7996,0.417818
19840000,19,-3.4727,-3252.39,7.96604,0.433
19860000,16,-5.78114,-3269.97,9.89205,0.422
19880000,18,-4.09434,-3276.63,8.47296,0.44
19900000,17,-2.89904,-3282.46,6.71228,0.404333
19920000,13,-7.51515,-3288.82,8.77861,0.4092
19940000,24,-10.3645,-3264.77,13.4832,0.4415
19960000,16,-7.51087,-3270.4,7.27035,0.431
19980000,15,2.25424,-3273.09,4.79652,0.426
