generation,N_shifts,logPrior,logLik,eventRate,acceptRate
0,0,-3.16788,-5386.98,50,0
20000,3,-1.74529,-3408.92,4.69097,0.441
40000,3,-0.770881,-3388.2,4.60868,0.414
60000,3,-2.99578,-3406.01,4.83013,0.444
80000,6,-0.92124,-3373.01,2.39373,0.429
100000,23,-8.68937,-3318.96,19.8947,0.463
120000,17,-8.43025,-3293,17.5818,0.4465
140000,15,0.512452,-3303.71,12.0972,0.414
160000,16,0.875273,-3274.67,16.5593,0.4525
180000,19,2.73556,-3295.27,20.5948,0.42
200000,20,4.86049,-3293.38,20.516,0.475
220000,22,-4.17452,-3277.19,22.8949,0.474
240000,28,-1.23564,-3238.8,24.3514,0.458
260000,30,4.33004,-3243.75,19.5347,0.471
280000,20,-1.8165,-3268.88,22.2358,0.485
300000,28,1.50301,-3257.19,27.771,0.487
320000,20,6.80165,-3282.9,19.1931,0.421
340000,21,0.26572,-3251.48,22.5289,0.444333
360000,30,2.03519,-3264.68,24.7397,0.464
380000,25,6.78444,-3268.24,22.621,0.434
400000,26,-1.82347,-3266.99,24.3513,0.473
420000,24,-6.72081,-3287.1,23.5058,0.460714
440000,31,-4.20073,-3231.55,37.3017,0.452
460000,28,8.45743,-3242.55,27.5403,0.4546
480000,23,-8.84318,-3266.83,25.5544,0.448
500000,26,8.59259,-3250.92,26.9242,0.46
520000,32,-0.90529,-3250.83,48.265,0.502
540000,19,-1.61258,-3265.93,16.419,0.467
560000,20,-4.58568,-3261.77,17.6048,0.4412
580000,25,3.36862,-3264.72,28.2305,0.463
600000,28,5.1313,-3257.46,28.3271,0.455
620000,28,3.9838,-3244.13,25.2634,0.467667
640000,29,-4.80749,-3236.12,30.2833,0.431333
660000,32,2.34626,-3247.9,42.9813,0.456
680000,32,-3.825,-3245.63,25.9767,0.476778
700000,29,5.85785,-3250.65,32.3367,0.4605
720000,32,2.46038,-3243.45,32.2263,0.47
740000,25,2.77758,-3243.4,19.9914,0.436167
760000,35,-4.01078,-3249.89,28.5614,0.467
780000,28,1.2539,-3251.76,28.456,0.478
800000,30,-0.49058,-3261.51,23.2514,0.474917
820000,28,-15.5651,-3252.33,30.6657,0.437
840000,34,6.13317,-3228.02,42.4614,0.481
860000,28,-3.48465,-3269.92,27.2647,0.432
880000,27,-2.83379,-3233.22,41.4657,0.471667
900000,23,-9.9595,-3256.67,23.3482,0.436
920000,22,1.15128,-3277.54,25.1965,0.46
940000,23,-8.27476,-3288.28,22.7751,0.462
960000,26,0.430192,-3247.24,25.7823,0.437
980000,28,3.63626,-3253.56,31.045,0.467
1000000,28,-7.37518,-3256.78,30.8149,0.4576
1020000,28,-6.35424,-3242.18,30.6596,0.422
1040000,29,-7.70654,-3235.74,26.0689,0.478
1060000,29,-7.98657,-3259.51,28.9458,0.477
1080000,29,-2.03338,-3238.38,30.091,0.469
1100000,31,2.83454,-3276.23,39.3095,0.449409
1120000,40,-2.10664,-3237.59,40.8308,0.501
1140000,20,-4.59312,-3283.91,21.4111,0.447333
1160000,27,-8.64929,-3246.04,24.7892,0.462
1180000,34,3.61236,-3258.93,33.6296,0.455647
1200000,25,-5.39319,-3252.33,22.2997,0.4635
1220000,30,-3.20541,-3268.29,30.5161,0.4585
1240000,22,5.95098,-3265.67,22.0849,0.407
1260000,30,2.15092,-3251.68,32.018,0.4542
1280000,22,-1.58618,-3271.01,13.0607,0.459455
1300000,24,1.49849,-3261.73,19.0159,0.4426
1320000,21,-0.310512,-3271.54,16.0412,0.447647
1340000,31,-4.88915,-3261.84,41.6385,0.472
1360000,22,-6.44656,-3268.11,26.4212,0.439111
1380000,30,-6.26987,-3255.23,36.8032,0.475167
1400000,22,-0.541029,-3275.51,12.8796,0.466
1420000,25,2.77266,-3239.53,21.771,0.46
1440000,27,2.45004,-3249.34,34.5021,0.4486
1460000,26,-4.9039,-3260.94,31.5659,0.451833
1480000,21,0.921827,-3255.72,20.8282,0.447091
1500000,30,-9.45694,-3247.02,28.4528,0.448933
1520000,28,8.45286,-3269.85,24.8355,0.441
1540000,40,5.90144,-3233.18,37.264,0.4672
1560000,30,2.59896,-3245.59,30.957,0.468444
1580000,31,1.82127,-3243.57,28.4873,0.458
1600000,31,-3.40602,-3260.12,28.0137,0.469
1620000,27,2.02642,-3250.36,35.7791,0.457
1640000,25,-2.90055,-3250.14,27.6925,0.437333
1660000,26,-1.73229,-3259.01,17.2743,0.462
1680000,24,-11.5077,-3274.97,27.781,0.4558
1700000,19,1.43631,-3253.29,23.9759,0.4385
1720000,26,2.10696,-3269.29,26.6184,0.49
1740000,27,-1.88067,-3231.22,28.5739,0.485
1760000,27,8.34031,-3263.83,24.3893,0.467
1780000,25,-11.0645,-3270.16,26.9455,0.4625
1800000,29,0.977805,-3244.4,34.4964,0.434
1820000,22,3.33592,-3266.12,23.2706,0.45925
1840000,35,3.79922,-3267.58,40.8798,0.477143
1860000,25,-0.709259,-3234.1,35.7144,0.467
1880000,29,-4.3061,-3253.03,32.3425,0.462
1900000,33,9.29912,-3235.94,30.1874,0.462
1920000,34,-2.83711,-3245.34,33.4536,0.487
1940000,34,-12.9505,-3244.36,30.7465,0.4874
1960000,32,3.99518,-3248.02,28.2005,0.452
1980000,33,3.27431,-3236.01,31.4945,0.448
2000000,32,3.22154,-3223.89,38.3377,0.447
2020000,27,14.4941,-3251.46,16.1032,0.463
2040000,28,-11.6467,-3244.1,29.9848,0.478
2060000,25,8.65283,-3233.57,27.6184,0.442
2080000,27,5.06516,-3238.92,30.9114,0.4468
2100000,27,-4.88561,-3264.37,19.0711,0.463
2120000,32,-5.7242,-3256.69,31.4361,0.479
2140000,27,1.66531,-3264.54,23.1317,0.473
2160000,24,2.17695,-3247.13,22.46,0.428
2180000,21,-2.29929,-3257.99,19.8858,0.418
2200000,28,2.79651,-3262.72,27.2391,0.454429
2220000,21,6.29406,-3256.12,20.4263,0.4226
2240000,25,-7.8967,-3257.6,21.3263,0.458333
2260000,31,-12.4868,-3266.8,29.7541,0.437
2280000,26,-12.3836,-3247.56,18.1758,0.456
2300000,34,-6.5445,-3242.18,40.6396,0.432
2320000,27,7.92121,-3255.27,21.7224,0.468
2340000,36,5.88233,-3225.99,32.0338,0.468
2360000,23,4.14779,-3269.47,35.1312,0.4245
2380000,28,3.12464,-3238.38,20.8297,0.4452
2400000,35,-1.43638,-3250.25,47.545,0.501
2420000,28,-1.71961,-3241.05,35.0151,0.44625
2440000,28,1.42301,-3253.67,25.9017,0.45
2460000,28,8.51385,-3240.66,33.6469,0.465
2480000,31,-1.30306,-3252.94,32.4575,0.461
2500000,21,-1.20919,-3259.66,28.7009,0.428
2520000,30,-4.76323,-3259.57,37.9614,0.4835
2540000,27,7.94946,-3252,24.1579,0.437
2560000,33,4.88402,-3243.56,32.1151,0.457
2580000,18,0.303397,-3268.45,24.1708,0.448348
2600000,24,1.5762,-3251.19,18.6569,0.432667
2620000,26,3.30837,-3267.28,31.9232,0.461667
2640000,31,6.88831,-3257.64,28.4933,0.4625
2660000,26,0.914261,-3246.29,22.2773,0.464
2680000,39,-3.88095,-3248.83,39.6075,0.46875
2700000,41,-9.95119,-3236.98,60.8595,0.461
2720000,35,-0.166067,-3239.25,30.782,0.472
2740000,38,-3.51012,-3244.39,32.5004,0.466
2760000,26,5.38026,-3254.41,29.6904,0.460333
2780000,28,-1.39556,-3235.05,43.2435,0.405
2800000,42,-6.16599,-3228.85,40.6162,0.463
2820000,33,-4.27669,-3234.89,28.0675,0.473
2840000,32,9.60963,-3245.85,25.4573,0.451667
2860000,28,1.18462,-3257.59,21.205,0.473
2880000,41,5.86837,-3241.25,30.1246,0.488
2900000,33,2.56884,-3228.6,35.0896,0.395
2920000,24,10.8155,-3259.8,17.3573,0.461
2940000,26,9.75551,-3243.21,33.9795,0.449
2960000,23,2.3276,-3248.51,20.199,0.435
2980000,23,3.57544,-3249.46,20.0927,0.456
3000000,33,0.40367,-3261.16,34.1004,0.457
3020000,27,-3.73639,-3245.62,30.6104,0.444
3040000,26,-1.61638,-3240.28,28.2759,0.405
3060000,24,-6.53588,-3245.59,25.5063,0.44975
3080000,22,7.63162,-3246.22,25.5293,0.4625
3100000,36,1.40052,-3246.3,42.3985,0.467429
3120000,26,1.25432,-3252.71,28.3558,0.443
3140000,28,-10.6367,-3256.77,46.395,0.472
3160000,29,4.23361,-3249.95,28.8433,0.444
3180000,27,-2.47636,-3259.04,23.6134,0.462
3200000,26,-10.3108,-3240.38,30.2053,0.45
3220000,28,6.99278,-3240.68,30.7005,0.4515
3240000,25,-2.3508,-3266.05,28.2026,0.417
3260000,33,-1.82731,-3246.76,21.3903,0.4195
3280000,23,3.28841,-3247.79,21.2272,0.439
3300000,33,0.498698,-3253.65,35.5981,0.4445
3320000,23,1.54383,-3259.62,29.0387,0.457619
3340000,33,-0.908632,-3270.79,40.6874,0.439
3360000,25,4.68376,-3266,24.6487,0.45875
3380000,27,-1.76568,-3257.73,26.716,0.4305
3400000,30,-6.16881,-3243.54,41.4999,0.4724
3420000,32,-17.7012,-3229.31,31.5924,0.44
3440000,32,-0.118818,-3229.76,42.3202,0.423
3460000,26,2.60272,-3227.5,35.3161,0.421
3480000,26,6.61385,-3236.99,27.9887,0.4595
3500000,28,3.53468,-3261.1,21.9381,0.470059
3520000,27,-4.87373,-3238.53,33.533,0.456667
3540000,32,7.09661,-3246.51,41.1941,0.451
3560000,24,-4.09468,-3256.81,33.9887,0.4445
3580000,31,9.569,-3245.95,38.9142,0.456833
3600000,27,3.37521,-3251.96,29.734,0.433
3620000,28,1.47,-3232.32,28.2105,0.465
3640000,27,4.01114,-3245.6,18.2962,0.475167
3660000,24,6.56047,-3245.49,31.7984,0.454
3680000,29,1.66758,-3236.55,23.2288,0.464
3700000,20,1.2177,-3278.9,20.6073,0.457
3720000,20,-12.8299,-3274.19,16.3626,0.4722
3740000,28,2.25819,-3236.88,33.0961,0.461
3760000,22,-1.26434,-3291.3,16.4112,0.477
3780000,21,-1.21424,-3259.25,32.9717,0.455
3800000,30,3.45791,-3232.53,27.9966,0.445
3820000,32,7.51074,-3219.74,34.1654,0.436
3840000,29,-1.8352,-3251.28,29.0105,0.451778
3860000,25,1.9639,-3243.35,19.8774,0.446333
3880000,30,6.32733,-3251.1,25.3433,0.447333
3900000,33,6.88615,-3238.32,29.1978,0.459
3920000,26,0.15923,-3249.54,24.8735,0.451667
3940000,33,-4.18447,-3250.02,32.3628,0.435
3960000,40,-6.59861,-3228.01,43.2633,0.457
3980000,39,2.06059,-3263.06,40.6886,0.471
4000000,40,-5.49439,-3232.51,38.7292,0.473667
4020000,24,-0.18924,-3265.84,24.9857,0.4375
4040000,36,-12.3631,-3251.69,39.2842,0.486
4060000,32,5.31491,-3238.75,27.833,0.49
4080000,31,-0.42329,-3229.1,40.7084,0.445
4100000,25,-1.39494,-3252.29,31.9437,0.454
4120000,25,-4.74984,-3248.97,18.8979,0.4406
4140000,37,-9.07254,-3241.43,31.7276,0.479
4160000,22,-2.22885,-3261.71,19.1735,0.426
4180000,22,1.44509,-3265.6,33.7177,0.409
4200000,27,9.74807,-3264.65,31.4225,0.455875
4220000,28,-5.45178,-3261.53,18.9792,0.464
4240000,28,-1.60967,-3259.54,32.9972,0.47
4260000,18,2.00277,-3271.65,18.0869,0.4345
4280000,23,6.04989,-3261.07,21.4795,0.444
4300000,26,4.82202,-3255.66,21.8452,0.4415
4320000,33,5.51773,-3246.44,29.7416,0.479
4340000,24,7.36388,-3263.77,24.5858,0.438333
4360000,30,1.70945,-3237.38,31.4388,0.415
4380000,31,-2.59953,-3241.69,28.7206,0.473
4400000,30,-4.719,-3242.05,34.588,0.453
4420000,37,-5.86942,-3242.53,31.3367,0.488
4440000,25,7.78796,-3249.6,23.4928,0.399
4460000,36,4.80064,-3231.43,44.7292,0.441
4480000,34,6.00101,-3249.92,33.4486,0.466
4500000,22,-7.28452,-3281.32,28.4272,0.472316
4520000,21,-11.7503,-3280.99,29.1069,0.464
4540000,29,-5.14869,-3281.92,20.6559,0.460579
4560000,20,5.05952,-3275.44,30.8543,0.471
4580000,24,1.07099,-3249.32,21.5538,0.425
4600000,22,6.0713,-3273.95,23.0707,0.451378
4620000,25,0.909785,-3241.82,29.1765,0.449
4640000,19,-4.32645,-3261.89,16.1041,0.447
4660000,25,3.08168,-3248.59,32.7394,0.4705
4680000,22,-3.69602,-3267.34,22.3839,0.479
4700000,26,-3.58892,-3266.5,20.3431,0.478
4720000,29,-3.06256,-3265.25,26.4339,0.447571
4740000,28,0.825118,-3244.91,20.7081,0.464
4760000,32,-0.787401,-3264.92,28.0031,0.482
4780000,25,-4.23536,-3291.43,23.7636,0.458
4800000,21,-3.01032,-3260.5,22.6458,0.451
4820000,21,0.452426,-3280.42,23.2054,0.458
4840000,21,4.27375,-3280.64,21.3138,0.469
4860000,28,-2.40027,-3241.52,27.7346,0.4678
4880000,20,-1.26948,-3262.84,19.9963,0.431667
4900000,26,-2.24815,-3244.47,17.7113,0.431714
4920000,22,1.4584,-3245.67,20.8576,0.4398
4940000,28,3.99627,-3242.88,35.3779,0.471
4960000,21,5.48532,-3272.11,17.9134,0.432
4980000,22,-2.65966,-3251.26,15.5767,0.456
5000000,21,-1.72864,-3261.83,23.4493,0.438
5020000,21,-2.29154,-3264.9,19.7754,0.443667
5040000,16,1.02641,-3280.75,22.3311,0.393
5060000,22,-2.96612,-3266.64,22.791,0.451
5080000,34,4.03861,-3246.28,42.7989,0.436
5100000,22,5.77974,-3267.32,24.2895,0.451333
5120000,29,3.33005,-3281.88,32.383,0.434286
5140000,32,6.22776,-3239.09,25.5093,0.458
5160000,19,5.73672,-3255.62,19.1347,0.416
5180000,25,3.44211,-3279.88,26.2538,0.48
5200000,34,3.4381,-3232.42,38.2797,0.485
5220000,22,-9.20329,-3247.8,21.6211,0.474182
5240000,30,-0.569854,-3240.57,25.2756,0.47
5260000,17,-0.416383,-3286.46,15.8587,0.458
5280000,27,4.01488,-3240.33,18.5947,0.4602
5300000,29,-11.3856,-3256.4,22.6385,0.465
5320000,22,-6.54756,-3256.87,21.2106,0.402
5340000,26,4.36281,-3254.2,24.5059,0.45025
5360000,33,-5.68225,-3227.17,27.7848,0.469762
5380000,34,11.1123,-3255.51,25.5981,0.462
5400000,27,-2.51106,-3243.98,25.9632,0.4585
5420000,26,-3.67312,-3250.72,22.9025,0.467
5440000,24,7.11899,-3244.54,27.0612,0.445
5460000,28,-6.72595,-3266.25,26.4233,0.4445
5480000,21,-4.06258,-3256.51,23.7128,0.423
5500000,30,-3.23428,-3258.24,22.5153,0.474
5520000,29,-0.726792,-3244.11,27.1234,0.453
5540000,31,-7.89382,-3235.53,29.9217,0.487
5560000,27,10.7907,-3265.66,36.125,0.4515
5580000,35,3.37946,-3238.04,43.3807,0.44
5600000,32,-2.21897,-3264.03,31.8232,0.463478
5620000,25,7.48328,-3252.36,27.904,0.446
5640000,33,-20.8539,-3236.83,25.9312,0.458417
5660000,29,-1.66852,-3240.83,37.5521,0.453
5680000,24,0.823935,-3252.64,31.1963,0.491
5700000,26,-4.03447,-3250.31,29.6052,0.436667
5720000,23,0.206831,-3240.17,22.3619,0.443
5740000,32,-2.13349,-3250.56,24.2498,0.47125
5760000,22,8.10128,-3277.34,12.806,0.456824
5780000,20,8.74545,-3279,23.6177,0.421375
5800000,22,9.52634,-3274.05,25.3205,0.459353
5820000,22,1.83696,-3248.32,14.8268,0.425
5840000,25,3.39306,-3257.72,19.2663,0.484
5860000,25,-1.2226,-3253.29,17.6981,0.452
5880000,31,0.393811,-3259.98,30.8886,0.47
5900000,26,0.431585,-3241.81,32.0032,0.472
5920000,34,5.05074,-3242.35,38.4825,0.432
5940000,18,-3.16009,-3278.19,23.1259,0.426
5960000,18,0.647062,-3285.54,15.9739,0.425
5980000,25,-4.80703,-3267.93,19.7402,0.476
6000000,24,1.28035,-3265.6,28.657,0.460571
6020000,33,-1.02011,-3244.38,45.3541,0.457
6040000,30,-5.16886,-3239.94,26.5663,0.451
6060000,25,-4.45621,-3241.39,26.7043,0.414
6080000,22,-6.214,-3253.68,17.9714,0.437462
6100000,26,-4.40278,-3244.97,24.2885,0.4615
6120000,26,7.51641,-3261.32,32.29,0.468048
6140000,28,-12.9159,-3243.39,21.9721,0.42925
6160000,31,7.40767,-3238.18,34.2741,0.475
6180000,25,-2.53572,-3253.71,31.4164,0.452
6200000,34,5.49427,-3249.72,44.4205,0.474
6220000,23,3.6888,-3251.57,30.7875,0.456
6240000,32,9.3707,-3252.24,29.4067,0.462857
6260000,31,-1.59579,-3243.07,22.4179,0.452
6280000,24,4.56851,-3258.47,26.6969,0.441
6300000,27,5.04604,-3259.72,23.1048,0.464
6320000,33,-0.397888,-3257.66,28.0412,0.44
6340000,24,5.16219,-3231.54,22.7404,0.449
6360000,32,-2.37739,-3245.25,39.5511,0.46
6380000,31,5.31489,-3248.06,28.9915,0.466
6400000,31,-6.37121,-3263.95,27.4967,0.46
6420000,25,-4.72669,-3245.62,28.957,0.421
6440000,27,-3.02711,-3254.1,18.0507,0.456
6460000,22,-3.05001,-3263.05,32.6533,0.4445
6480000,26,1.40672,-3252.99,20.8372,0.454429
6500000,28,8.44962,-3241.33,22.8467,0.451
6520000,26,2.89749,-3236.8,27.7949,0.42
6540000,39,1.55401,-3243.82,39.8129,0.472
6560000,27,-4.88615,-3268.27,21.374,0.428769
6580000,29,-12.6564,-3263.34,27.0594,0.449714
6600000,17,6.98922,-3290.44,12.7606,0.432478
6620000,28,-0.987327,-3250.39,26.6825,0.4445
6640000,21,5.47361,-3250.74,15.2428,0.391
6660000,27,-0.0788164,-3255.23,34.005,0.471
6680000,23,4.91373,-3262.16,25.5032,0.465
6700000,22,0.524244,-3247.18,25.6181,0.44
6720000,26,-1.96015,-3242.88,27.6861,0.43075
6740000,37,-7.68248,-3251.03,35.883,0.477
6760000,35,-2.395,-3258.33,27.8507,0.451
6780000,25,-3.18042,-3255.46,24.7752,0.458917
6800000,30,1.69915,-3228.67,42.2091,0.444
6820000,27,-7.14305,-3243.73,23.1599,0.439
6840000,33,-2.19515,-3243.93,31.5058,0.45
6860000,34,-4.82092,-3259.19,30.5387,0.494
6880000,31,4.08622,-3267.53,30.357,0.461033
6900000,24,-4.13219,-3262.2,25.7595,0.463625
6920000,19,5.7385,-3260.28,18.0566,0.460077
6940000,24,0.26505,-3282.86,25.5833,0.469
6960000,30,-2.26915,-3252.8,26.3714,0.485
6980000,30,1.29415,-3274.98,26.0211,0.464
7000000,22,-2.16326,-3269.33,28.3094,0.431375
7020000,25,2.55478,-3266.24,30.2792,0.466
7040000,24,4.99931,-3267.94,28.8946,0.445714
7060000,29,0.905771,-3235.93,31.7406,0.477
7080000,24,-1.7361,-3245.75,26.0049,0.452
7100000,22,5.94936,-3258.83,28.6139,0.4508
7120000,17,1.19351,-3263.77,11.5185,0.439429
7140000,19,-5.74175,-3275.11,20.3301,0.45275
7160000,21,4.26861,-3270.74,20.7095,0.430667
7180000,24,-5.16423,-3260,25.4584,0.475
7200000,21,-2.70352,-3263.02,26.7678,0.439667
7220000,29,-0.886238,-3266.72,26.827,0.444
7240000,24,5.61727,-3245.22,25.3071,0.433
7260000,24,0.0648403,-3262.68,25.203,0.475
7280000,25,-1.75782,-3228.49,25.4838,0.44
7300000,32,-15.0615,-3241.2,31.215,0.454
7320000,35,-6.45948,-3234.1,26.701,0.484
7340000,32,3.43105,-3233.1,35.9547,0.435
7360000,23,5.46233,-3245.72,17.6325,0.423
7380000,35,-5.648,-3256.1,31.5481,0.4712
7400000,36,4.13801,-3241.09,43.8741,0.459
7420000,31,-12.0142,-3225.7,23.0955,0.442
7440000,34,-2.90393,-3222.34,26.2386,0.46
7460000,37,5.23224,-3234.58,35.6493,0.454636
7480000,37,1.27108,-3205.88,46.5376,0.44
7500000,37,4.33309,-3203.97,27.2115,0.452667
7520000,31,-2.46998,-3230.87,29.1799,0.4528
7540000,30,6.24119,-3228.68,26.669,0.438
7560000,32,0.0772248,-3258.77,21.9472,0.454
7580000,27,0.0549622,-3262.69,29.107,0.482
7600000,26,10.9021,-3248.49,29.4206,0.423
7620000,23,-3.26368,-3235.77,23.422,0.447
7640000,24,-9.82251,-3270.13,27.6469,0.484
7660000,26,-7.78943,-3254.09,27.7387,0.494
7680000,29,2.11038,-3254.62,27.9364,0.4665
7700000,28,4.4241,-3231.42,32.2763,0.465
7720000,24,6.13761,-3249.1,23.4083,0.422
7740000,33,4.66324,-3235.41,25.9169,0.498
7760000,24,4.62792,-3238.93,29.1549,0.4168
7780000,32,7.06977,-3233.83,30.338,0.440385
7800000,24,4.33752,-3233.16,24.4397,0.478
7820000,31,6.4036,-3244.23,35.4855,0.452
7840000,33,10.6567,-3258.81,41.6386,0.49
7860000,33,-2.45049,-3239.89,30.9827,0.454667
7880000,20,-1.52014,-3252.67,11.9371,0.393
7900000,30,-1.58965,-3245.42,34.5004,0.453
7920000,25,3.34151,-3232.48,29.1732,0.43
7940000,29,8.56318,-3261.13,30.2607,0.483
7960000,27,-3.91774,-3238.07,34.2321,0.436
7980000,22,2.90968,-3274.68,20.0472,0.456
8000000,34,7.83306,-3252.91,34.9937,0.474
8020000,21,4.49667,-3266.58,26.4333,0.44575
8040000,30,-2.24411,-3237.83,38.185,0.43
8060000,28,-0.233407,-3248.35,36.1189,0.452
8080000,28,-5.32748,-3258.2,40.3811,0.452
8100000,26,10.6484,-3251.38,38.4867,0.448091
8120000,24,8.24731,-3260.2,19.6699,0.44925
8140000,22,7.46213,-3264.44,30.514,0.440182
8160000,20,6.38508,-3261.21,16.4614,0.427
8180000,31,-8.51746,-3252.69,25.9942,0.4544
8200000,22,3.9945,-3282.44,23.7102,0.422
8220000,22,-2.36566,-3271.39,17.3047,0.441478
8240000,18,2.40955,-3277.05,14.366,0.44275
8260000,29,-4.68803,-3255.2,34.0424,0.4764
8280000,26,9.55469,-3264.88,26.7548,0.446
8300000,28,-2.97251,-3260.94,27.71,0.463
8320000,24,6.28705,-3262.35,18.6563,0.409
8340000,22,7.18581,-3248.03,35.9342,0.442
8360000,26,-10.7335,-3241.77,25.2042,0.474
8380000,26,0.754241,-3269.11,28.9085,0.433
8400000,21,3.17139,-3264.75,17.5198,0.43825
8420000,27,8.73732,-3254.33,20.6476,0.4635
8440000,37,-13.718,-3255.4,43.8967,0.462
8460000,21,5.71309,-3264.7,21.097,0.45
8480000,24,1.0759,-3279.48,21.7328,0.462333
8500000,26,-21.6582,-3242.9,32.5234,0.436154
8520000,35,-7.40183,-3252.03,41.907,0.457
8540000,35,16.3903,-3259.93,35.5208,0.477
8560000,29,-1.34883,-3254.59,26.7056,0.455
8580000,26,7.10171,-3266.1,19.2127,0.4696
8600000,23,1.03514,-3259.25,34.2962,0.438
8620000,23,3.95163,-3254.25,19.7077,0.438
8640000,23,8.87401,-3278.57,19.5798,0.443615
8660000,31,5.06106,-3264.24,30.7865,0.475
8680000,25,0.333181,-3248.55,27.6664,0.451
8700000,25,-0.67439,-3263.25,35.7824,0.428
8720000,19,-3.82035,-3258.01,31.986,0.459
8740000,18,1.28943,-3289.44,16.23,0.435
8760000,25,-4.94703,-3243.48,19.6287,0.441
8780000,27,4.89145,-3266.98,31.3128,0.475
8800000,29,-0.0836876,-3237.04,26.8118,0.446
8820000,23,-4.18521,-3262.37,28.8776,0.444
8840000,21,1.76504,-3265.52,13.8844,0.44
8860000,36,0.435936,-3239.15,48.3318,0.4685
8880000,33,1.67918,-3241.91,26.4159,0.445381
8900000,24,3.16753,-3240.41,24.6864,0.4425
8920000,38,6.45354,-3235.85,35.9796,0.4775
8940000,24,9.74203,-3240.14,29.2963,0.422
8960000,30,-8.09769,-3243.17,26.0944,0.482
8980000,21,1.85847,-3259.37,22.5172,0.464
9000000,21,0.646661,-3268.45,26.5421,0.467
9020000,35,6.2474,-3226.1,33.229,0.441
9040000,24,-2.19511,-3257.19,29.5854,0.448
9060000,27,-11.333,-3238.04,23.0506,0.446
9080000,21,4.53633,-3274.85,18.3687,0.454333
9100000,20,4.78801,-3254.33,24.0335,0.434
9120000,18,-1.06535,-3266.65,14.9945,0.461
9140000,28,-4.06177,-3282.18,25.01,0.466
9160000,25,3.14936,-3244.23,26.5232,0.4531
9180000,29,-3.20116,-3243.5,23.7013,0.477
9200000,20,-2.33105,-3265.91,17.4136,0.439
9220000,27,0.255439,-3280.58,24.2245,0.4616
9240000,22,4.37051,-3280.51,19.7779,0.418
9260000,19,1.24131,-3260.13,25.1699,0.4254
9280000,22,0.422745,-3270.49,18.5635,0.463
9300000,19,3.31772,-3260.14,20.8679,0.4405
9320000,18,6.20874,-3269.93,16.3607,0.41
9340000,23,2.50561,-3258.07,24.5837,0.442
9360000,28,3.88737,-3252.64,33.0955,0.42
9380000,35,4.74986,-3271.97,33.615,0.4715
9400000,26,-0.316851,-3236.1,24.1776,0.468
9420000,22,-6.06569,-3269.28,23.6688,0.461
9440000,23,7.24199,-3250.62,27.7266,0.439
9460000,22,-1.15488,-3278.76,25.7383,0.444
9480000,26,-4.76359,-3248.25,28.3387,0.4742
9500000,22,5.26358,-3243.92,21.2869,0.433
9520000,23,1.29381,-3258.43,22.2034,0.45
9540000,24,9.94553,-3249.16,31.5697,0.442667
9560000,32,4.80925,-3249.25,32.7842,0.475
9580000,27,5.30116,-3259.57,29.0955,0.4545
9600000,26,-5.33993,-3241.35,22.2489,0.473
9620000,39,-11.5753,-3252.41,56.3628,0.495
9640000,29,7.53778,-3234.67,25.0265,0.462591
9660000,20,-11.8398,-3254.67,19.7954,0.419
9680000,26,-2.85921,-3273.44,26.9574,0.441308
9700000,27,-3.61095,-3226.57,31.6632,0.449
9720000,27,-0.868244,-3238.05,20.8208,0.436111
9740000,29,9.66546,-3252.57,31.4347,0.431
9760000,21,-0.798667,-3245.29,25.2523,0.421
9780000,20,-2.58455,-3240.36,21.5498,0.441
9800000,30,3.97679,-3264.16,27.6225,0.464
9820000,26,8.24679,-3243.24,22.6498,0.446
9840000,32,16.7658,-3226.84,28.1672,0.483
9860000,36,-5.85256,-3214.7,31.9397,0.428
9880000,34,2.86797,-3224.47,35.9148,0.443
9900000,34,3.05692,-3231.82,39.5252,0.454
9920000,25,3.35247,-3257.37,21.9178,0.445667
9940000,25,0.194971,-3254.03,28.9319,0.44
9960000,23,5.26161,-3248.27,28.2144,0.425
9980000,29,7.99109,-3232.83,29.7488,0.462
10000000,31,-8.27563,-3248.01,24.5141,0.446231
10020000,28,7.50783,-3231.36,22.5819,0.452
10040000,35,-3.41975,-3240.42,36.0951,0.438
10060000,26,8.39694,-3251.06,33.4135,0.4532
10080000,24,0.686887,-3248.32,24.7859,0.433429
10100000,22,8.0373,-3273.54,24.0082,0.4495
10120000,29,3.13441,-3260.36,37.8919,0.437
10140000,23,3.76389,-3273.84,27.1359,0.470857
10160000,26,-7.77436,-3248.64,31.9795,0.422
10180000,31,-8.18534,-3241.04,25.4429,0.481
10200000,26,-4.09958,-3287.37,30.0343,0.4582
10220000,20,2.11342,-3271.94,21.9701,0.4455
10240000,21,1.26624,-3265.76,33.0345,0.444
10260000,35,-1.20048,-3231.44,37.7187,0.447
10280000,37,-0.368623,-3225.56,32.85,0.454
10300000,27,-1.93151,-3248.77,28.0909,0.412
10320000,30,2.52844,-3253.42,24.6177,0.438
10340000,27,4.01584,-3235.07,29.9834,0.471
10360000,23,6.58107,-3261.25,25.6706,0.427
10380000,21,-0.588245,-3240.48,19.3146,0.4432
10400000,24,5.04896,-3262.76,25.6982,0.42
10420000,30,-3.20306,-3262.5,29.1334,0.439
10440000,28,-1.179,-3252.99,23.4258,0.475
10460000,30,-3.22375,-3263.1,28.1677,0.445815
10480000,25,-2.24308,-3251.54,29.4744,0.411
10500000,21,6.37088,-3272.67,27.6314,0.442818
10520000,25,0.560777,-3243.06,26.5062,0.455538
10540000,33,-1.31555,-3241.3,29.6999,0.453
10560000,24,1.97471,-3250.94,17.9407,0.4375
10580000,28,10.5398,-3246.31,35.1696,0.464
10600000,18,-2.35133,-3260.09,19.3325,0.4362
10620000,21,6.52991,-3267.87,23.0183,0.458
10640000,18,6.7428,-3274.11,18.3003,0.438667
10660000,30,9.10506,-3251.76,39.0841,0.438
10680000,23,-3.39296,-3287.42,21.5025,0.474
10700000,24,5.71039,-3264.26,29.1766,0.425
10720000,33,-3.0135,-3247.17,31.1926,0.447
10740000,24,4.55552,-3267.74,26.089,0.4452
10760000,26,3.76587,-3264.35,38.0284,0.4545
10780000,24,1.09005,-3250.38,29.2449,0.444
10800000,28,-3.27422,-3244.96,32.3891,0.429
10820000,31,-11.9137,-3273.57,26.5601,0.453
10840000,26,-0.18448,-3253.48,18.3771,0.463
10860000,23,-6.87371,-3261.62,20.9404,0.446333
10880000,21,-4.4531,-3256.34,19.5323,0.451375
10900000,37,-8.91085,-3245.5,37.5245,0.484667
10920000,31,6.22758,-3250.38,28.4599,0.467
10940000,27,1.64288,-3259.27,29.3577,0.426
10960000,24,-0.653972,-3230.83,19.1884,0.482
10980000,26,2.21547,-3247.25,26.8339,0.4605
11000000,22,3.28309,-3272.85,32.0683,0.429
11020000,32,-11.983,-3261.09,33.2583,0.448
11040000,23,5.9779,-3245.23,23.7246,0.47
11060000,21,-8.41465,-3264.99,25.3835,0.461667
11080000,27,-0.667029,-3254.87,30.85,0.439
11100000,30,-7.73994,-3251.71,32.9493,0.473
11120000,30,0.564507,-3242.75,34.4326,0.431
11140000,18,-0.315693,-3275.16,34.23,0.434
11160000,30,-3.98737,-3263.72,35.1696,0.488
11180000,22,4.42078,-3282.77,22.0957,0.465286
11200000,23,-1.85005,-3293.65,18.8537,0.4785
11220000,20,8.40013,-3253.83,24.2557,0.4572
11240000,20,-5.41649,-3278.33,20.2058,0.430091
11260000,19,2.16474,-3259.1,16.0573,0.4295
11280000,25,-7.3817,-3269.72,31.3454,0.4515
11300000,31,-4.33168,-3264.52,22.6321,0.47
11320000,29,1.33428,-3245.97,26.365,0.449
11340000,28,4.62587,-3253.03,31.4415,0.4555
11360000,25,2.8,-3268.54,29.006,0.450857
11380000,21,-0.149068,-3253.76,19.7387,0.451
11400000,23,0.947922,-3235.68,20.9996,0.425
11420000,30,-1.42347,-3241.68,38.1074,0.4435
11440000,24,-4.84858,-3244.92,30.2791,0.436
11460000,35,-1.79622,-3222.82,34.019,0.462
11480000,37,7.17398,-3237.13,39.9248,0.456667
11500000,24,1.97676,-3251.89,24.7572,0.482
11520000,28,0.209235,-3233.25,22.4975,0.459
11540000,33,-1.2077,-3253.23,33.0825,0.465333
11560000,31,-2.13128,-3230.81,31.041,0.455714
11580000,26,-8.96915,-3261.26,14.9967,0.4393
11600000,27,-1.43206,-3259.48,22.7469,0.455286
11620000,19,0.438229,-3270.41,11.5117,0.446333
11640000,36,-0.42014,-3242.13,31.4075,0.476
11660000,36,4.001,-3236.39,35.1716,0.466
11680000,32,-6.28792,-3224.17,34.3676,0.431
11700000,33,-6.40375,-3241.54,40.8186,0.475
11720000,31,9.26406,-3228.22,28.1436,0.438
11740000,26,1.28619,-3230.86,32.2802,0.4565
11760000,29,-3.79647,-3243.92,41.0237,0.465938
11780000,27,1.56807,-3248,23.9202,0.438
11800000,26,-4.71346,-3249.42,24.3072,0.4385
11820000,18,3.59683,-3264.75,11.6616,0.443929
11840000,27,1.79454,-3258.21,30.3069,0.455
11860000,22,6.38522,-3268.81,16.8373,0.443034
11880000,16,-6.19145,-3255.41,11.0001,0.420667
11900000,32,-5.196,-3232.14,27.2654,0.444
11920000,32,2.1974,-3245.32,37.9511,0.44625
11940000,31,-0.859226,-3216.13,33.8283,0.435
11960000,28,-9.31684,-3245.66,25.6175,0.439
11980000,33,2.64829,-3214.63,40.6085,0.441
12000000,27,4.52305,-3262.73,30.7815,0.451
12020000,28,-2.85121,-3242.74,29.371,0.451
12040000,31,5.29104,-3247.6,35.1976,0.457
12060000,17,5.47549,-3278.61,11.5957,0.453667
12080000,14,1.56381,-3284.52,13.5442,0.44025
12100000,30,12.2355,-3249.21,30.7107,0.446286
12120000,26,8.2187,-3239.47,24.1253,0.446727
12140000,25,0.416073,-3237.18,26.4101,0.437583
12160000,18,2.01108,-3262.26,23.6606,0.423
12180000,37,-1.82027,-3252.87,34.0519,0.447846
12200000,27,-6.96017,-3262.16,25.873,0.482
12220000,26,-12.9205,-3270.82,31.0475,0.465167
12240000,28,0.476385,-3249.65,23.1086,0.450308
12260000,27,1.88165,-3250.73,25.3059,0.449
12280000,31,-8.84518,-3250.85,20.7365,0.438
12300000,25,-21.1167,-3257.44,22.2076,0.4595
12320000,33,3.33443,-3243,33.8121,0.464
12340000,28,-2.87531,-3254.35,25.1604,0.446
12360000,26,9.8109,-3276.88,32.4894,0.4654
12380000,21,-0.339917,-3245.87,14.5944,0.444
12400000,28,1.51705,-3243.15,25.942,0.453
12420000,28,-0.21555,-3242.37,34.5404,0.459
12440000,31,-6.38885,-3238.08,25.8174,0.463
12460000,26,-6.38173,-3247.27,28.4301,0.4
12480000,31,-2.28547,-3250.06,39.6144,0.494
12500000,27,3.12202,-3249.88,23.3003,0.418
12520000,21,-0.164934,-3257.04,19.0177,0.474
12540000,23,3.49828,-3238.61,18.4276,0.472
12560000,26,-2.30148,-3247.84,19.9217,0.464714
12580000,26,-1.84222,-3269.42,20.3727,0.449667
12600000,22,6.78826,-3243.91,13.6366,0.449
12620000,20,0.0022669,-3257.93,18.7914,0.4571
12640000,27,-3.12827,-3245.01,27.4577,0.468
12660000,19,4.40364,-3273.7,17.5445,0.449
12680000,15,2.97327,-3279.2,15.0531,0.444
12700000,22,4.37702,-3263.94,21.7036,0.458
12720000,29,3.1341,-3245.27,28.4885,0.457
12740000,29,1.30239,-3252.1,31.5846,0.451
12760000,23,-10.207,-3247.24,21.3452,0.45325
12780000,29,4.30168,-3255,33.6221,0.462
12800000,41,-3.47902,-3243.98,45.5314,0.47475
12820000,28,8.04509,-3229.68,29.4388,0.4616
12840000,35,-1.51976,-3238.49,32.1711,0.429
12860000,22,3.26396,-3236.89,19.6119,0.45
12880000,29,-2.27062,-3230.92,16.0949,0.439636
12900000,36,-1.78527,-3257.23,34.775,0.459
12920000,30,-14.1133,-3228.57,40.1345,0.458
12940000,25,-4.75908,-3241.75,28.6016,0.454889
12960000,26,4.43449,-3249.78,34.0201,0.455
12980000,26,3.21644,-3247.84,24.4277,0.477
13000000,27,-3.16129,-3244.65,19.3509,0.465
13020000,22,12.8788,-3245.36,21.331,0.449
13040000,42,5.41852,-3230.11,40.0543,0.477
13060000,22,1.69871,-3246.22,26.0235,0.452
13080000,32,-6.10283,-3242.35,35.6157,0.446
13100000,24,4.10077,-3244.82,17.8923,0.421
13120000,34,-14.2718,-3246.28,34.7827,0.44175
13140000,34,-7.59226,-3256.59,33.7934,0.466
13160000,26,5.28303,-3253.88,18.8457,0.478
13180000,24,2.24956,-3255.73,24.9371,0.462286
13200000,22,10.4589,-3248.93,25.1528,0.459
13220000,32,-6.19888,-3252.73,28.6648,0.437
13240000,26,3.74095,-3258.16,34.5919,0.459
13260000,34,11.2722,-3239.65,37.6107,0.465
13280000,24,2.23972,-3249.79,17.581,0.451
13300000,27,0.661509,-3253.8,22.5852,0.460143
13320000,27,-5.83,-3247.1,27.8075,0.4588
13340000,24,5.31961,-3237.62,27.7241,0.455
13360000,22,0.813461,-3270.87,16.2543,0.458
13380000,36,-10.918,-3257.82,26.806,0.471
13400000,22,14.4185,-3246.78,28.8986,0.426
13420000,27,2.95689,-3249.9,32.7586,0.461
13440000,32,9.714,-3246.2,36.9465,0.469
13460000,32,-7.28817,-3244.9,30.0077,0.459
13480000,23,8.10252,-3259.17,22.4934,0.434
13500000,27,11.0139,-3256.41,25.6684,0.49
13520000,35,-7.27918,-3237.14,32.2411,0.459
13540000,24,1.45974,-3272.72,28.2063,0.466
13560000,30,3.12762,-3240.48,21.8425,0.4645
13580000,31,2.59582,-3264.07,35.7176,0.473
13600000,31,10.0186,-3254.08,36.4979,0.475
13620000,29,8.53607,-3231.61,24.744,0.482
13640000,32,13.8668,-3243.74,30.3622,0.46
13660000,28,1.3882,-3231.48,24.8137,0.408
13680000,25,-1.19715,-3239.36,33.5586,0.445
13700000,26,8.01463,-3264.58,33.2242,0.4345
13720000,26,4.4142,-3238.97,20.639,0.439
13740000,31,-2.96205,-3246.61,28.9329,0.459
13760000,36,-2.15267,-3253.69,34.1413,0.473
13780000,26,1.66838,-3265.97,31.3513,0.472
13800000,29,-1.98703,-3247.66,28.1748,0.478
13820000,21,0.716628,-3247.28,23.0548,0.452375
13840000,26,-0.237585,-3258.92,27.8204,0.425
13860000,26,-8.35546,-3254.3,31.8329,0.430333
13880000,21,2.91227,-3252.56,20.2227,0.405
13900000,25,-2.42867,-3258.36,21.8863,0.4526
13920000,24,0.0671752,-3266.29,23.1961,0.459
13940000,23,7.85397,-3246.19,18.8886,0.445
13960000,35,3.14257,-3225.63,49.2184,0.464333
13980000,30,-3.4707,-3238.4,23.3857,0.443
14000000,22,-2.21848,-3256.09,21.7281,0.456111
14020000,31,-1.2061,-3247.32,30.3832,0.465
14040000,18,5.48172,-3267.9,17.2548,0.442
14060000,29,-4.87293,-3241.46,19.3648,0.436
14080000,28,5.44378,-3268.31,36.5586,0.450188
14100000,23,6.15985,-3263.12,21.9121,0.446429
14120000,29,4.76206,-3248.6,27.1875,0.473
14140000,25,1.87458,-3252.52,28.0201,0.451
14160000,27,-11.6426,-3229.66,23.3731,0.456
14180000,23,4.40047,-3239.19,29.8443,0.440889
14200000,26,-7.32608,-3247.55,22.4219,0.448
14220000,26,3.4358,-3250.82,31.357,0.457
14240000,22,7.05835,-3257.42,31.8881,0.448667
14260000,28,4.18025,-3237.63,33.9539,0.444875
14280000,31,6.51483,-3223.99,34.9215,0.458
14300000,25,7.9868,-3261.08,23.3226,0.453259
14320000,31,-10.5753,-3255.33,28.9897,0.472333
14340000,26,5.64335,-3254.91,25.0845,0.451833
14360000,26,2.42047,-3278.37,21.1735,0.487
14380000,27,-4.73704,-3237.56,25.9571,0.439
14400000,33,8.39715,-3225.67,35.7544,0.435
14420000,31,7.42266,-3253.91,29.0333,0.482
14440000,21,-1.37168,-3241.33,17.8155,0.413
14460000,28,0.106508,-3241.71,25.8229,0.453
14480000,23,2.32819,-3252,27.8853,0.421
14500000,25,8.66957,-3273.7,31.1304,0.442364
14520000,31,-4.36021,-3268.53,21.4837,0.46
14540000,32,-8.89446,-3234.97,40.7564,0.429
14560000,24,0.630794,-3260.33,23.9946,0.501
14580000,34,-1.58349,-3265.72,34.1986,0.475
14600000,23,-5.65333,-3263.32,18.0156,0.454
14620000,25,15.8823,-3257.36,20.7468,0.457
14640000,28,-1.94058,-3262.07,30.9581,0.44825
14660000,27,3.94962,-3249.23,19.7644,0.476
14680000,35,-4.75261,-3239.5,32.0135,0.454
14700000,39,-2.12288,-3238.31,44.0864,0.484
14720000,33,-1.08369,-3235.25,26.9048,0.459692
14740000,32,6.3869,-3247.09,32.3383,0.457
14760000,25,9.12434,-3242.95,18.8291,0.468
14780000,29,9.11367,-3246.25,29.2373,0.444
14800000,20,0.378159,-3242.68,24.6075,0.449
14820000,31,4.65756,-3248.24,24.445,0.46
14840000,22,0.228225,-3271.33,18.3662,0.4332
14860000,24,-5.68673,-3258.59,22.249,0.42
14880000,23,2.59638,-3276,24.6478,0.4435
14900000,22,2.69844,-3279.7,25.5965,0.464
14920000,18,8.06247,-3266.26,15.5464,0.431
14940000,21,-3.54297,-3258.88,12.6158,0.429
14960000,26,-4.19699,-3267.39,29.2294,0.456
14980000,25,4.71616,-3247.81,24.9873,0.432
15000000,27,-2.9644,-3238.55,23.9209,0.486
15020000,29,0.654021,-3260.51,31.8306,0.479
15040000,33,-21.7864,-3213.17,28.2653,0.45375
15060000,23,0.983593,-3254.2,25.4421,0.438
15080000,32,5.2652,-3248.85,27.8442,0.451
15100000,29,8.56975,-3245.76,34.5937,0.49
15120000,30,5.61483,-3264.16,33.2736,0.4546
15140000,24,8.635,-3246.77,27.9822,0.418
15160000,23,-5.06605,-3271.65,20.4675,0.459538
15180000,27,4.29048,-3275.67,19.9971,0.493
15200000,28,-4.3057,-3255.66,25.7705,0.46125
15220000,17,-3.20165,-3275.7,11.4678,0.428
15240000,28,2.05943,-3277,47.8546,0.45375
15260000,24,6.49287,-3248.89,22.4256,0.426333
15280000,25,-3.6111,-3245.62,28.7667,0.450778
15300000,26,0.370585,-3260.82,25.3311,0.46775
15320000,30,5.66821,-3253.66,29.3159,0.45925
15340000,36,2.46741,-3249.9,38.7262,0.529
15360000,29,-4.87403,-3252.24,37.6287,0.464
15380000,28,8.89268,-3249.57,31.6522,0.465
15400000,18,-3.46435,-3264.76,18.9621,0.459571
15420000,37,14.8821,-3240.38,33.1877,0.486
15440000,22,-10.2129,-3271.54,24.1417,0.496
15460000,26,3.32609,-3261.45,33.7125,0.446
15480000,25,-16.1866,-3257.98,23.1481,0.455333
15500000,29,-2.46219,-3256.02,24.9407,0.502
15520000,28,1.60012,-3251.95,28.5425,0.463895
15540000,21,-1.24645,-3241,23.1194,0.44
15560000,23,0.298953,-3275.99,21.4217,0.4435
15580000,25,7.86916,-3250.94,22.5272,0.46275
15600000,29,1.11909,-3258.31,25.7252,0.456667
15620000,33,-15.3051,-3254.74,42.8816,0.452
15640000,29,-8.70443,-3239.2,41.8739,0.444
15660000,28,-3.20924,-3253.61,28.6204,0.448706
15680000,28,-0.361473,-3244.97,20.6942,0.465462
15700000,25,-1.22994,-3251.36,21.2392,0.464
15720000,24,-0.466087,-3246.15,22.9724,0.466
15740000,27,-3.14382,-3257.35,29.8215,0.468
15760000,29,0.630938,-3262.29,25.0265,0.431
15780000,25,4.03964,-3229.24,34.3168,0.45
15800000,28,-3.49003,-3241.58,24.1408,0.432
15820000,27,-1.88751,-3239.72,22.9532,0.433
15840000,40,11.1617,-3244.71,32.7941,0.498
15860000,29,-1.74397,-3248.58,28.2738,0.464
15880000,33,7.60961,-3249.82,28.3811,0.473
15900000,20,-0.30678,-3275.47,16.0698,0.481429
15920000,22,8.58889,-3262.04,17.1766,0.435143
15940000,21,4.23123,-3263,24.5855,0.43
15960000,22,9.92439,-3252.13,20.5252,0.442
15980000,25,0.640258,-3266.11,24.9382,0.443
16000000,25,1.1279,-3243.96,17.0356,0.438667
16020000,22,-3.66185,-3285.59,22.2109,0.486
16040000,37,1.25043,-3253.89,30.2035,0.479667
16060000,29,3.3582,-3232.55,24.6934,0.432
16080000,29,-2.99073,-3237.67,18.8312,0.478
16100000,21,-9.82024,-3268.05,23.1103,0.423
16120000,20,-0.372901,-3256.54,15.7171,0.4415
16140000,33,-3.24668,-3229.99,29.2845,0.46
16160000,29,-4.08347,-3224.81,31.5951,0.466
16180000,23,4.3962,-3266.22,25.3148,0.442
16200000,36,9.62958,-3246.69,37.8158,0.475
16220000,23,6.88254,-3278.4,23.6897,0.478444
16240000,21,-3.01585,-3258.81,28.5421,0.44
16260000,22,-1.0788,-3264.28,19.6572,0.4434
16280000,33,3.84517,-3254.68,41.2254,0.469714
16300000,22,2.45737,-3256.99,20.0608,0.439
16320000,27,3.8437,-3247.45,27.9048,0.446
16340000,31,-8.93728,-3256.67,24.9025,0.439
16360000,34,7.15025,-3245.05,38.8953,0.463
16380000,23,6.05543,-3258.42,22.3607,0.44
16400000,25,6.62893,-3241.17,17.1298,0.434
16420000,33,-3.21165,-3244.9,28.1812,0.447
16440000,29,4.58196,-3248.59,40.6305,0.446375
16460000,26,-12.8299,-3261.14,23.0757,0.44275
16480000,40,2.42458,-3243.05,39.1368,0.488667
16500000,29,1.06147,-3259.44,26.9316,0.445556
16520000,42,3.20634,-3240.93,46.0497,0.506
16540000,30,-1.77053,-3229.22,30.188,0.463636
16560000,33,-9.47574,-3235.83,32.9417,0.452
16580000,31,2.87217,-3256.1,23.0867,0.459
16600000,25,2.46036,-3263.2,25.5529,0.445455
16620000,29,7.7007,-3231.51,25.6658,0.45935
16640000,30,2.76577,-3233.16,28.9092,0.446091
16660000,39,7.54953,-3238.67,40.0852,0.475
16680000,20,6.28181,-3260.06,28.8558,0.479
16700000,21,3.46818,-3279.54,25.7825,0.431
16720000,28,-3.01093,-3242.81,24.7596,0.474
16740000,31,-1.14385,-3244.51,32.342,0.454
16760000,22,4.81802,-3274,18.8442,0.45
16780000,23,3.18291,-3252.15,23.2527,0.44
16800000,25,-1.60669,-3248.64,37.6182,0.456
16820000,22,5.26244,-3250.08,28.4537,0.454
16840000,21,0.312703,-3265.47,29.0116,0.468
16860000,24,-1.52608,-3254.77,24.1664,0.492
16880000,25,-2.05915,-3238.8,25.4151,0.444
16900000,22,-7.4466,-3280.16,19.9303,0.414
16920000,27,-3.9854,-3262.82,27.633,0.463
16940000,19,-1.01783,-3275.26,27.9539,0.440312
16960000,23,7.64446,-3260.6,22.9124,0.453
16980000,19,0.644891,-3248.17,29.6239,0.4265
17000000,21,-7.70221,-3262.28,20.5217,0.462
17020000,35,3.03765,-3233.86,36.1205,0.451
17040000,34,5.08481,-3241.71,33.4072,0.452714
17060000,19,2.70293,-3256.19,21.877,0.438
17080000,24,-2.75646,-3261.18,24.6085,0.479
17100000,23,-0.350427,-3255.65,23.3687,0.468
17120000,22,2.5542,-3253.12,21.0955,0.432
17140000,26,-2.69361,-3250.42,27.7366,0.434
17160000,31,3.15906,-3241.85,31.06,0.452
17180000,26,-5.43632,-3248.19,29.4188,0.446
17200000,27,9.04236,-3267.19,25.3751,0.45
17220000,30,7.65596,-3246.21,40.7819,0.474
17240000,33,3.44796,-3243.56,23.7415,0.458
17260000,34,4.93113,-3248.52,27.1183,0.451
17280000,32,-2.96528,-3234.62,33.4444,0.482
17300000,30,-3.57166,-3237.2,23.5329,0.45
17320000,25,6.23768,-3236.99,25.8997,0.434
17340000,26,5.44281,-3232.64,32.8119,0.46
17360000,33,-1.49165,-3248.85,36.1714,0.459
17380000,26,6.36381,-3254.1,24.7917,0.460062
17400000,35,10.8214,-3270.36,39.2103,0.463857
17420000,35,-0.170729,-3242.04,38.3068,0.503
17440000,31,3.39234,-3227.56,28.3969,0.46325
17460000,27,-4.61771,-3246.94,30.4124,0.449
17480000,23,-6.03981,-3260.06,35.9216,0.425
17500000,37,-4.52692,-3235.86,24.3823,0.465
17520000,34,-4.34844,-3232.79,28.4121,0.458
17540000,35,1.32288,-3230.8,32.8627,0.487
17560000,29,-6.19656,-3248.96,35.4538,0.4505
17580000,31,2.12893,-3236.84,25.9275,0.467429
17600000,24,8.07872,-3239.08,22.4233,0.433
17620000,29,4.75129,-3228.29,23.1539,0.458375
17640000,28,-2.44168,-3250.8,35.7813,0.4301
17660000,34,11.8389,-3240.3,31.3568,0.448
17680000,25,4.07208,-3239.08,20.0176,0.426667
17700000,29,6.21234,-3256.92,23.4,0.445
17720000,36,-2.54268,-3232.39,39.3624,0.4645
17740000,27,-2.4093,-3257.79,29.332,0.4445
17760000,23,-4.41611,-3271.77,16.848,0.469
17780000,17,2.28056,-3273.48,12.4428,0.407
17800000,34,-3.31339,-3267.58,31.351,0.477
17820000,28,2.17786,-3238.29,22.0406,0.458
17840000,30,4.32771,-3239.76,31.7036,0.459
17860000,33,3.37526,-3248.02,41.3394,0.438
17880000,25,-2.19075,-3251.86,25.6888,0.454696
17900000,21,-6.4058,-3250.59,29.2991,0.435
17920000,24,8.15755,-3257.53,27.9728,0.4465
17940000,26,2.8451,-3238.61,24.6713,0.45825
17960000,32,3.49809,-3256.28,24.9418,0.48
17980000,36,6.33141,-3258.41,47.8067,0.471
18000000,29,-10.5552,-3241.31,25.0085,0.446
18020000,30,0.120086,-3273.25,30.3553,0.466
18040000,28,0.670222,-3244.13,18.7066,0.433
18060000,26,6.35895,-3252.49,24.962,0.465
18080000,27,1.38443,-3244.2,25.8316,0.409
18100000,34,4.26531,-3246.1,25.4293,0.473
18120000,27,5.42334,-3269.69,23.2774,0.451
18140000,31,1.01174,-3236.75,21.717,0.458
18160000,24,-4.87341,-3260.3,22.5659,0.441667
18180000,28,-4.15607,-3232.27,30.6032,0.48
18200000,27,2.93685,-3242.76,20.7399,0.44
18220000,29,3.7097,-3232.44,18.2234,0.484
18240000,27,0.774872,-3244.15,23.8662,0.449
18260000,20,-14.0468,-3234.52,21.6197,0.38
18280000,30,-2.04238,-3235.85,37.8523,0.446
18300000,29,5.69244,-3261.22,38.1379,0.442273
18320000,31,-6.32817,-3245.21,27.2325,0.466
18340000,28,4.65328,-3262.78,30.0033,0.443
18360000,22,4.06724,-3254.49,21.4307,0.419
18380000,25,-7.37678,-3244.12,28.6563,0.436667
18400000,27,7.33182,-3254.83,19.6835,0.476
18420000,34,1.55984,-3228.25,37.253,0.457
18440000,20,-8.27519,-3260.1,21.6827,0.455
18460000,30,-0.399229,-3215.22,30.9913,0.423
18480000,31,1.78345,-3237.54,33.166,0.459
18500000,28,6.25884,-3244.41,28.2687,0.451267
18520000,25,-1.18392,-3247.76,21.0112,0.45
18540000,21,-0.907674,-3242.54,16.0742,0.4395
18560000,26,9.85187,-3253.87,30.4968,0.437
18580000,31,8.0523,-3238.89,37.2432,0.441
18600000,26,7.00226,-3260.93,24.973,0.4548
18620000,28,9.27693,-3255.9,35.1109,0.478
18640000,25,3.58866,-3230,20.0448,0.431
18660000,25,1.05172,-3256.45,17.5764,0.429625
18680000,21,3.48606,-3264.64,26.1773,0.4485
18700000,33,4.9247,-3237.48,24.2927,0.464
18720000,31,11.9197,-3242.14,29.9977,0.4484
18740000,31,10.6159,-3248.58,20.9717,0.4535
18760000,24,-3.11546,-3258.04,23.5939,0.427
18780000,33,2.27528,-3219.39,26.9445,0.472
18800000,33,3.84209,-3223.79,27.3752,0.4475
18820000,35,9.35064,-3238.14,41.0296,0.468364
18840000,30,6.19994,-3230.31,32.3776,0.435
18860000,23,6.41723,-3268.81,19.2731,0.435
18880000,32,-4.73193,-3247.92,30.9702,0.442667
18900000,22,0.385182,-3278.01,21.3217,0.466
18920000,33,-2.26974,-3257.63,31.0892,0.465
18940000,24,4.28591,-3249.76,20.5844,0.451
18960000,24,-0.939377,-3251.5,26.6771,0.445
18980000,28,3.50896,-3254.08,37.9745,0.46125
19000000,25,4.76508,-3267.34,22.3651,0.458
19020000,23,0.440493,-3274.67,25.4286,0.458
19040000,29,-9.75558,-3259.46,27.3291,0.4795
19060000,22,8.06188,-3249.24,30.7645,0.42
19080000,29,-4.13488,-3241.2,25.7173,0.4615
19100000,28,4.28854,-3239.9,31.7244,0.446
19120000,25,0.031755,-3245.8,21.2578,0.438
19140000,35,10.0905,-3240.63,37.4565,0.4756
19160000,39,8.5528,-3264.82,40.2493,0.525
19180000,40,1.69837,-3251.17,40.5605,0.465
19200000,29,2.22811,-3256.73,25.9047,0.470375
19220000,31,2.3554,-3247.28,25.4354,0.467
19240000,33,-2.0538,-3250,38.446,0.493
19260000,23,-4.83994,-3263.5,26.2838,0.418
19280000,21,-0.163309,-3287.16,24.7044,0.451
19300000,21,-1.72855,-3283.26,24.2239,0.451
19320000,27,0.585096,-3253.58,20.2982,0.43
19340000,32,-7.1656,-3262.45,29.8572,0.444
19360000,29,-1.3964,-3249.29,26.147,0.4795
19380000,32,-1.22505,-3263.17,21.484,0.453
19400000,28,7.25921,-3249.06,14.0661,0.502
19420000,34,11.0683,-3238.59,25.3695,0.4615
19440000,29,-2.81507,-3267.58,28.7185,0.4655
19460000,27,0.000893914,-3242.11,32.2485,0.431
19480000,29,0.177822,-3249.94,26.5952,0.456
19500000,22,5.32031,-3285.45,20.4636,0.45
19520000,27,5.36297,-3249.16,26.6274,0.456
19540000,32,8.36053,-3253.5,36.3975,0.4554
19560000,28,0.478409,-3232.64,25.1804,0.448
19580000,24,5.21778,-3263.53,23.1128,0.443583
19600000,25,3.43696,-3268.77,29.0494,0.495
19620000,18,3.40212,-3287.51,24.5377,0.46
19640000,29,-7.41458,-3231.68,33.1645,0.453333
19660000,28,8.33048,-3253.26,31.5626,0.485
19680000,33,3.48264,-3211.92,24.775,0.45
19700000,27,-5.63094,-3247.24,22.9608,0.45025
19720000,25,7.37539,-3274.75,28.7173,0.441
19740000,21,4.67749,-3255.81,27.0526,0.432
19760000,23,5.4923,-3263.41,18.1012,0.467857
19780000,18,-2.75215,-3265.19,26.4315,0.445
19800000,22,4.10858,-3260.02,17.4093,0.438
19820000,23,-3.08395,-3260.98,28.5328,0.47
19840000,25,1.91952,-3256.25,24.5677,0.45
19860000,20,-3.07191,-3253.44,13.4358,0.431
19880000,23,8.10225,-3259.77,12.2372,0.45425
19900000,27,-7.54551,-3249.16,22.415,0.448857
19920000,25,3.30687,-3233.63,23.6145,0.434
19940000,32,10.0079,-3250.37,31.9628,0.449
19960000,34,-0.748221,-3237.92,25.9795,0.470313
19980000,27,3.02862,-3241.13,23.8785,0.448
